country	iso3	year	IHDI	HDI	%Loss	le_ineq	edu_ineq	inc_ineq	lex	edux	ginx	ilex	iedux	ignix
Afghanistan	AFG	2010		 0.4525236	 	 0.393			 0.609	 0.357	 0.4259336	 0.250908	 0.216699	
Afghanistan	AFG	2011		 0.4584535	 	 0.509	 0.393		 0.617	 0.3653333	 0.4277529	 0.302947	 0.2217573	
Afghanistan	AFG	2012		 0.4656765	 	 0.509	 0.393		 0.623	 0.3653333	 0.4433683	 0.305893	 0.2217573	
Afghanistan	AFG	2013	0.3208106	 0.4678864	 31.434083145	 0.343	 0.45	 0.108	 0.63	 0.3653333	 0.4450648	 0.41391	 0.2009333	 0.3969978
Angola	AGO	2010	 0.3029362	 0.5039206	 39.884140478	 0.262	 0.364		 0.472	 0.4408787	 0.6147489	 0.218536	 0.3253685	 0.3909803
Angola	AGO	2011		 0.5214815	 	 0.461		 0.5	 0.478	 0.4742121	 0.625145	 0.257642		 0.3125725
Angola	AGO	2012	 0.2936804	 0.5236472	 43.916362009	 0.461	 0.346	 0.5	 0.485	 0.4742121	 0.6248475	 0.261415	 0.3101347	 0.3124238
Angola	AGO	2013	0.2949468	 0.5262932	 43.957702665	 0.462	 0.346	 0.5	 0.491	 0.4742121	 0.6263933	 0.264158	 0.3101347	 0.3131966
Albania	ALB	2010	 0.6181826	 0.7078128	 12.662980946	 0.127	 0.144		 0.874	 0.6016747	 0.6747011	 0.778734	 0.5252621	 0.5775442
Albania	ALB	2011	 0.6147123	 0.7135136	 13.847150215	 0.112	 0.119	 0.183	 0.877	 0.6085194	 0.6809744	 0.778776	 0.5361056	 0.5563561
Albania	ALB	2012	 0.6153847	 0.7143402	 13.852713315	 0.112	 0.119	 0.183	 0.88	 0.6085194	 0.6808822	 0.78144	 0.5361056	 0.5562808
Albania	ALB	2013	0.6198531	 0.7161	 13.440427315	 0.099	 0.119	 0.183	 0.883	 0.6085194	 0.6834528	 0.795583	 0.5361056	 0.558381
Andorra	AND	2010		 0.8320018	 				 0.936	 0.6702867	 0.9183187			
Andorra	AND	2011		 0.8306451	 				 0.937	 0.6702867	 0.912079			
Andorra	AND	2012		 0.8301367	 				 0.939	 0.6702867	 0.9086309			
Andorra	AND	2013		 0.8302649	 				 0.941	 0.6702867	 0.9072834			
United Arab Emirates	ARE	2010		 0.8241284	 				 0.867	 0.673215	 0.9594958	 0.802842		
United Arab Emirates	ARE	2011		 0.8242443	 	 0.063			 0.869	 0.673215	 0.9569274	 0.814253		
United Arab Emirates	ARE	2012		 0.8256116	 	 0.063			 0.872	 0.673215	 0.9587957	 0.817064		
United Arab Emirates	ARE	2013		 0.8271694	 	 0.055			 0.874	 0.673215	 0.9613494	 0.82593		
Argentina	ARG	2010	 0.6412649	 0.799176	 19.759239517	 0.121	 0.344		 0.858	 0.7833556	 0.7593912	 0.768768	 0.6885695	 0.4981606
Argentina	ARG	2011	 0.6471745	 0.8043698	 19.542665575	 0.097	 0.121	 0.344	 0.861	 0.7833556	 0.7718299	 0.777483	 0.6885695	 0.5063204
Argentina	ARG	2012	 0.6484802	 0.8059116	 19.534574263	 0.097	 0.121	 0.344	 0.864	 0.7833556	 0.7738148	 0.780192	 0.6885695	 0.5076225
Argentina	ARG	2013	0.6802288	 0.80835	 15.849718563	 0.093	 0.086	 0.281	 0.866	 0.7833556	 0.7784054	 0.785462	 0.715987	 0.5596735
Armenia	ARM	2010	 0.6409091	 0.7197016	 10.947940091	 0.065	 0.108		 0.835	 0.7013667	 0.6363526	 0.707245	 0.6557778	 0.5676265
Armenia	ARM	2011	 0.6455411	 0.7235879	 10.786084179	 0.149	 0.065	 0.108	 0.837	 0.7013667	 0.6456469	 0.712287	 0.6557778	 0.575917
Armenia	ARM	2012	 0.6481568	 0.7280442	 10.972877746	 0.149	 0.037	 0.139	 0.838	 0.7013667	 0.6565867	 0.713138	 0.6754161	 0.5653211
Armenia	ARM	2013	0.6544092	 0.7300926	 10.366274086	 0.127	 0.037	 0.143	 0.839	 0.7013667	 0.6610278	 0.732447	 0.6754161	 0.5665008
Antigua and Barbuda	ATG	2010		 0.7780803	 				 0.853	 0.6866969	 0.8043069			
Antigua and Barbuda	ATG	2011		 0.7723032	 				 0.856	 0.6811413	 0.7904725			
Antigua and Barbuda	ATG	2012		 0.7730443	 				 0.858	 0.6811413	 0.7902918			
Antigua and Barbuda	ATG	2013		 0.7740636	 	 0.08			 0.861	 0.6811413	 0.7909971	 0.79212		
Australia	AUS	2010	 0.8524747	 0.9256525	 7.905536905	 0.017	 0.166		 0.955	 0.9188154	 0.9036503	 0.910115	 0.9031955	 0.7536444
Australia	AUS	2011	 0.8544398	 0.9278358	 7.910451397	 0.047	 0.017	 0.166	 0.957	 0.9218307	 0.9050422	 0.912021	 0.9061596	 0.7548051
Australia	AUS	2012	 0.8577151	 0.9314072	 7.911910065	 0.047	 0.017	 0.166	 0.959	 0.9265355	 0.9089417	 0.913927	 0.9107844	 0.7580574
Australia	AUS	2013	0.8600695	 0.9326621	 7.783376209	 0.042	 0.018	 0.166	 0.961	 0.9265355	 0.9106932	 0.920638	 0.9098579	 0.7595181
Austria	AUT	2010	 0.8114132	 0.8773192	 7.512203084	 0.024	 0.151		 0.932	 0.794481	 0.9117293	 0.89006	 0.7754135	 0.7740582
Austria	AUT	2011	 0.813969	 0.8791386	 7.412892575	 0.042	 0.024	 0.151	 0.935	 0.794481	 0.9145458	 0.89573	 0.7754135	 0.7764494
Austria	AUT	2012	 0.8224578	 0.8803195	 6.572806805	 0.042	 0.025	 0.127	 0.938	 0.794481	 0.9155248	 0.898604	 0.774619	 0.7992532
Austria	AUT	2013	0.8179603	 0.8812099	 7.17758618	 0.037	 0.037	 0.138	 0.941	 0.794481	 0.9157221	 0.906183	 0.7650852	 0.7893525
Azerbaijan	AZE	2010	 0.6408584	 0.7433057	 13.782660351	 0.12	 0.044		 0.777	 0.697	 0.758118	 0.592074	 0.61336	 0.7247608
Azerbaijan	AZE	2011	 0.6583304	 0.7430052	 11.396259407	 0.206	 0.083	 0.045	 0.779	 0.6997778	 0.7527328	 0.618526	 0.6416962	 0.7188599
Azerbaijan	AZE	2012	 0.659767	 0.7446511	 11.399177413	 0.206	 0.083	 0.045	 0.78	 0.6997778	 0.7567	 0.61932	 0.6416962	 0.7226485
Azerbaijan	AZE	2013	0.6590976	 0.7473729	 11.811413018	 0.217	 0.083	 0.045	 0.781	 0.6997778	 0.7640178	 0.611523	 0.6416962	 0.729637
Burundi	BDI	2010	 0.2401036	 0.3813153	 37.032791498	 0.363	 0.249		 0.502	 0.3700889	 0.2983571	 0.262044	 0.2357466	 0.2240662
Burundi	BDI	2011		 0.3837494	 	 0.456			 0.51	 0.3700889	 0.2994284	 0.27744		
Burundi	BDI	2012		 0.3863682	 	 0.456			 0.517	 0.3700889	 0.3011577	 0.281248		
Burundi	BDI	2013	0.2574842	 0.3894435	 33.884067907	 0.436	 0.41	 0.132	 0.525	 0.3700889	 0.3041834	 0.2961	 0.2183524	 0.2640312
Belgium	BEL	2010	 0.8032593	 0.8772632	 8.435769334	 0.052	 0.151		 0.923	 0.8067361	 0.906504	 0.880542	 0.7647858	 0.7696219
Belgium	BEL	2011	 0.8132074	 0.8799694	 7.586854725	 0.044	 0.065	 0.117	 0.926	 0.8122917	 0.9058385	 0.885256	 0.7594927	 0.7998554
Belgium	BEL	2012	 0.8095885	 0.8801032	 8.012094491	 0.044	 0.076	 0.119	 0.929	 0.8122917	 0.9035651	 0.888124	 0.7505575	 0.7960408
Belgium	BEL	2013	0.8057746	 0.88078	 8.51579282	 0.039	 0.092	 0.123	 0.932	 0.8122917	 0.9030337	 0.895652	 0.7375609	 0.7919605
Benin	BEN	2010	 0.3026667	 0.4668973	 35.174887497	 0.441	 0.192		 0.597	 0.4029074	 0.4232276	 0.359991	 0.2252252	 0.3419679
Benin	BEN	2011	 0.3026269	 0.4713888	 35.80099909	 0.403	 0.42	 0.236	 0.6	 0.4135556	 0.4222229	 0.3582	 0.2398622	 0.3225783
Benin	BEN	2012	 0.3040247	 0.4734776	 35.789000367	 0.403	 0.42	 0.236	 0.603	 0.4135556	 0.4259707	 0.359991	 0.2398622	 0.3254416
Benin	BEN	2013	0.3109027	 0.4757245	 34.646481314	 0.37	 0.42	 0.236	 0.605	 0.4135556	 0.4302512	 0.38115	 0.2398622	 0.3287119
Burkina Faso	BFA	2010	 0.2339527	 0.3665128	 36.167931925	 0.373	 0.253		 0.54	 0.2278111	 0.4004369	 0.2997	 0.1428376	 0.2991264
Burkina Faso	BFA	2011	 0.2438437	 0.375941	 35.137774278	 0.417	 0.373	 0.253	 0.546	 0.2417	 0.4023541	 0.318318	 0.1515459	 0.3005585
Burkina Faso	BFA	2012	 0.2531406	 0.3846539	 34.19003421	 0.417	 0.362	 0.234	 0.553	 0.2500333	 0.4117604	 0.322399	 0.1595213	 0.3154085
Burkina Faso	BFA	2013	0.2523944	 0.3883551	 35.009376728	 0.411	 0.385	 0.242	 0.559	 0.2500333	 0.4189574	 0.329251	 0.1537705	 0.3175697
Bangladesh	BGD	2010	 0.380536	 0.5392405	 29.431116543	 0.448	 0.148		 0.761	 0.4329916	 0.4760188	 0.568467	 0.2390113	 0.405568
Bangladesh	BGD	2011	 0.3989334	 0.5493127	 27.37590083	 0.232	 0.394	 0.177	 0.767	 0.4468805	 0.483594	 0.589056	 0.2708096	 0.3979979
Bangladesh	BGD	2012	 0.4021898	 0.553848	 27.38263928	 0.232	 0.394	 0.177	 0.773	 0.4468805	 0.4916869	 0.593664	 0.2708096	 0.4046583
Bangladesh	BGD	2013	0.3954652	 0.5578949	 29.114749032	 0.201	 0.378	 0.283	 0.779	 0.4468805	 0.4985855	 0.622421	 0.2779596	 0.3574858
Bulgaria	BGR	2010	 0.6854039	 0.7725024	 11.274851703	 0.081	 0.161		 0.819	 0.7466294	 0.753781	 0.742014	 0.6861525	 0.6324222
Bulgaria	BGR	2011	 0.6859299	 0.7743071	 11.413714274	 0.078	 0.059	 0.199	 0.821	 0.7494072	 0.7547883	 0.756962	 0.7051922	 0.6045854
Bulgaria	BGR	2012	 0.6995252	 0.7761217	 9.869135214	 0.078	 0.061	 0.154	 0.822	 0.7494072	 0.7586712	 0.757884	 0.7036934	 0.6418358
Bulgaria	BGR	2013	0.6917384	 0.7773619	 11.014625234	 0.079	 0.058	 0.188	 0.824	 0.7494072	 0.7608761	 0.758904	 0.7059416	 0.6178313
Bahrain	BHR	2010		 0.8119506	 				 0.865	 0.7139667	 0.8670912	 0.794935		
Bahrain	BHR	2011		 0.8120549	 	 0.062			 0.867	 0.7139667	 0.8653314	 0.813246		
Bahrain	BHR	2012		 0.8133754	 	 0.062			 0.869	 0.7139667	 0.8674811	 0.815122		
Bahrain	BHR	2013		 0.8153289	 	 0.063			 0.871	 0.7139667	 0.8716781	 0.816127		
Bahamas	BHS	2010	 0.6743772	 0.7876673	 14.382988858	 0.079	 0.245		 0.842	 0.7139547	 0.8125154	 0.760326	 0.6575522	 0.6134491
Bahamas	BHS	2011	 0.6725083	 0.7888414	 14.747337044	 0.109	 0.079	 0.245	 0.845	 0.7139547	 0.8137317	 0.7528951	 0.6575522	 0.6143674
Bahamas	BHS	2012		 0.7882417	 	 0.109			 0.847	 0.7139547	 0.8095337	 0.754677		
Bahamas	BHS	2013	0.6764943	 0.7893612	 14.298511252	 0.094	 0.08	 0.245	 0.85	 0.7139547	 0.8106622	 0.7701	 0.6568383	 0.6120499
Bosnia and Herzegovina	BIH	2010	 0.577611	 0.7256884	 20.405093977	 0.194	 0.311		 0.86	 0.6497626	 0.683932	 0.78088	 0.5237087	 0.4712292
Bosnia and Herzegovina	BIH	2011	 0.6445448	 0.7289467	 11.578610617	 0.096	 0.052	 0.193	 0.862	 0.6553182	 0.6854088	 0.779248	 0.6212416	 0.5531249
Bosnia and Herzegovina	BIH	2012	 0.6453494	 0.7293951	 11.52265761	 0.096	 0.052	 0.192	 0.865	 0.6553182	 0.6847441	 0.78196	 0.6212416	 0.5532733
Bosnia and Herzegovina	BIH	2013	0.6533276	 0.7308066	 10.601847329	 0.067	 0.052	 0.192	 0.867	 0.6553182	 0.6867845	 0.808911	 0.6212416	 0.5549219
Belarus	BLR	2010	 0.7067207	 0.7793613	 9.320529516	 0.08	 0.111		 0.763	 0.8116508	 0.7641264	 0.695856	 0.7467188	 0.6793084
Belarus	BLR	2011	 0.718484	 0.7839026	 8.345245953	 0.074	 0.054	 0.121	 0.765	 0.8172064	 0.7704901	 0.70839	 0.7730772	 0.6772608
Belarus	BLR	2012	 0.7194666	 0.7848225	 8.327475321	 0.074	 0.054	 0.121	 0.767	 0.8199841	 0.7690243	 0.710242	 0.775705	 0.6759723
Belarus	BLR	2013	0.7260135	 0.7858078	 7.609277994	 0.068	 0.048	 0.111	 0.768	 0.8199841	 0.7703937	 0.715776	 0.7806249	 0.68488
Belize	BLZ	2010	 0.5088572	 0.7141361	 28.745066942	 0.198	 0.485		 0.819	 0.675	 0.6587406	 0.717444	 0.54135	 0.3392514
Belize	BLZ	2011		 0.7168512	 	 0.122			 0.822	 0.6777778	 0.6608216	 0.721716		
Belize	BLZ	2012		 0.7307274	 	 0.122			 0.826	 0.6888889	 0.6859216	 0.725228		
Belize	BLZ	2013		 0.7315989	 	 0.114		 0.379	 0.829	 0.6888889	 0.6857084	 0.734494		 0.4258249
Bolivia (Plurinational State of)	BOL	2010	 0.4074559	 0.6578167	 38.059356049	 0.287	 0.542		 0.713	 0.6735	 0.5925545	 0.519064	 0.4802055	 0.2713899
Bolivia (Plurinational State of)	BOL	2011	 0.4355535	 0.6608258	 34.089513454	 0.251	 0.276	 0.472	 0.718	 0.6735	 0.5967717	 0.537782	 0.487614	 0.3150955
Bolivia (Plurinational State of)	BOL	2012	 0.4367116	 0.663304	 34.161168936	 0.251	 0.276	 0.474	 0.723	 0.6735	 0.599656	 0.541527	 0.487614	 0.3154191
Bolivia (Plurinational State of)	BOL	2013	0.4699188	 0.667282	 29.577180263	 0.245	 0.276	 0.361	 0.727	 0.6735	 0.6067505	 0.548885	 0.487614	 0.3877136
Brazil	BRA	2010	 0.5380329	 0.7385944	 27.154484247	 0.257	 0.376		 0.817	 0.6624628	 0.744224	 0.6813779	 0.4922099	 0.4643958
Brazil	BRA	2011	 0.5347555	 0.7402827	 27.7633396	 0.144	 0.257	 0.407	 0.821	 0.6613056	 0.7467982	 0.702776	 0.4913501	 0.4428513
Brazil	BRA	2012	 0.5399297	 0.7417166	 27.205390846	 0.144	 0.253	 0.397	 0.826	 0.6613056	 0.7473392	 0.707056	 0.4939953	 0.4506456
Brazil	BRA	2013	0.5425303	 0.7436404	 27.043998685	 0.145	 0.247	 0.397	 0.83	 0.6613056	 0.7493994	 0.70965	 0.4979631	 0.4518878
Barbados	BRB	2010		 0.7790033	 		 0.161		 0.844	 0.7425556	 0.7540978	 0.777324		 0.632688
Barbados	BRB	2011		 0.7795207	 	 0.092			 0.847	 0.7397778	 0.7561513	 0.769076		
Barbados	BRB	2012		 0.7759413	 	 0.092			 0.849	 0.7397778	 0.7435672	 0.770892		
Barbados	BRB	2013		 0.7762125	 	 0.081			 0.852	 0.7397778	 0.7421289	 0.782988		
Brunei Darussalam	BRN	2010		 0.8437971	 				 0.892	 0.6782222	 0.9934752	 0.843832		
Brunei Darussalam	BRN	2011		 0.8462088	 	 0.058			 0.895	 0.681	 0.9945501	 0.84309		
Brunei Darussalam	BRN	2012		 0.8520618	 	 0.058			 0.898	 0.6921111	 0.9956575	 0.845916		
Brunei Darussalam	BRN	2013		 0.8518229	 	 0.044			 0.901	 0.6921111	 0.9914728	 0.861356		
Bhutan	BTN	2010		 0.5694316	 				 0.723	 0.4101333	 0.6224099			
Bhutan	BTN	2011		 0.5793115	 	 0.241	 0.448		 0.73	 0.4212444	 0.6320364	 0.55407	 0.2325269	
Bhutan	BTN	2012	 0.4644728	 0.5803474	 19.966420113	 0.241	 0.122	 0.231	 0.737	 0.4212444	 0.6298202	 0.559383	 0.3698526	 0.4843317
Bhutan	BTN	2013	0.4652366	 0.5841316	 20.354146223	 0.222	 0.133	 0.251	 0.743	 0.4212444	 0.636822	 0.578054	 0.3652189	 0.4769797
Botswana	BWA	2010		 0.67164	 				 0.668	 0.619	 0.7324916	 0.494988		
Botswana	BWA	2011		 0.6784738	 	 0.243			 0.677	 0.619	 0.7457043	 0.512489		
Botswana	BWA	2012		 0.6813754	 	 0.243			 0.681	 0.619	 0.7507212	 0.515517		
Botswana	BWA	2013	0.4222827	 0.6832984	 38.199372339	 0.219	 0.321	 0.555	 0.683	 0.619	 0.7547753	 0.533423	 0.420301	 0.335875
Central African Republic	CAF	2010	 0.2058852	 0.354855	 41.980470897	 0.459	 0.281		 0.433	 0.3109222	 0.3319752	 0.217366	 0.1682089	 0.2386902
Central African Republic	CAF	2011	 0.2149142	 0.3614332	 40.538334608	 0.46	 0.459	 0.281	 0.444	 0.3178667	 0.3348479	 0.23976	 0.1719659	 0.2407556
Central African Republic	CAF	2012	 0.2171986	 0.3654136	 40.560887717	 0.46	 0.459	 0.281	 0.454	 0.3178667	 0.338026	 0.24516	 0.1719659	 0.2430407
Central African Republic	CAF	2013	0.202756	 0.3405306	 40.458801647	 0.457	 0.459	 0.281	 0.464	 0.3178667	 0.2675667	 0.251952	 0.1719659	 0.1923804
Canada	CAN	2010	 0.8183717	 0.8959231	 8.65603309	 0.032	 0.171		 0.938	 0.8503	 0.9014117	 0.8911	 0.8230904	 0.7472703
Canada	CAN	2011	 0.8218353	 0.899597	 8.644059507	 0.05	 0.032	 0.171	 0.941	 0.8503	 0.9099952	 0.89395	 0.8230904	 0.754386
Canada	CAN	2012	 0.8226441	 0.9006587	 8.661949304	 0.05	 0.032	 0.171	 0.943	 0.8503	 0.9107487	 0.89585	 0.8230904	 0.7550107
Canada	CAN	2013	0.8332235	 0.9018516	 7.609688778	 0.046	 0.04	 0.139	 0.946	 0.8503	 0.9120075	 0.902484	 0.816288	 0.7852384
Switzerland	CHE	2010	 0.8503814	 0.9148752	 7.049464233	 0.02	 0.143		 0.957	 0.8413115	 0.9512784	 0.914892	 0.8244852	 0.8152456
Switzerland	CHE	2011	 0.8506207	 0.9142461	 6.95932966	 0.041	 0.02	 0.143	 0.959	 0.8440892	 0.9440073	 0.919681	 0.8272074	 0.8090143
Switzerland	CHE	2012	 0.852313	 0.9160894	 6.961809623	 0.041	 0.02	 0.143	 0.961	 0.8440892	 0.9476767	 0.921599	 0.8272074	 0.8121589
Switzerland	CHE	2013	0.8465123	 0.9173943	 7.726448704	 0.039	 0.058	 0.132	 0.963	 0.8440892	 0.9497101	 0.925443	 0.795132	 0.8243484
Chile	CHL	2010	 0.6548289	 0.8082651	 18.983400372	 0.133	 0.341		 0.91	 0.7401197	 0.7837651	 0.84721	 0.6416838	 0.5165012
Chile	CHL	2011	 0.6596467	 0.8145797	 19.019992764	 0.066	 0.137	 0.341	 0.914	 0.7456753	 0.7928577	 0.853676	 0.6435177	 0.5224932
Chile	CHL	2012	 0.6629648	 0.8187042	 19.022670215	 0.066	 0.137	 0.341	 0.918	 0.7456753	 0.801375	 0.857412	 0.6435177	 0.5281062
Chile	CHL	2013	0.6604678	 0.8215839	 19.610425667	 0.059	 0.137	 0.36	 0.922	 0.7456753	 0.806295	 0.867602	 0.6435177	 0.5160288
China	CHN	2010	 0.540194	 0.7013583	 22.978882548	 0.232	 0.295		 0.844	 0.5985556	 0.6828253	 0.712336	 0.4596907	 0.4813919
China	CHN	2011	 0.5518221	 0.7104378	 22.326472493	 0.135	 0.232	 0.295	 0.847	 0.6096666	 0.6947922	 0.732655	 0.468224	 0.4898285
China	CHN	2012	 0.5552182	 0.7149184	 22.338241679	 0.135	 0.232	 0.295	 0.849	 0.6096666	 0.7060321	 0.734385	 0.468224	 0.4977526
China	CHN	2013		 0.7190806	 	 0.098		 0.295	 0.851	 0.6096666	 0.7164487	 0.767602		 0.5050964
Cote d'Ivoire	CIV	2010	 0.2806636	 0.4391249	 36.085701357	 0.448	 0.205		 0.456	 0.3843611	 0.4830929	 0.27132	 0.2121673	 0.3840589
Cote d'Ivoire	CIV	2011	 0.2721305	 0.4429479	 38.563767883	 0.378	 0.432	 0.344	 0.462	 0.3892222	 0.4835593	 0.287364	 0.2210782	 0.3172149
Cote d'Ivoire	CIV	2012	 0.2751862	 0.4480601	 38.582748163	 0.378	 0.432	 0.344	 0.467	 0.3892222	 0.4946781	 0.290474	 0.2210782	 0.3245088
Cote d'Ivoire	CIV	2013	0.2789	 0.451994	 38.295641093	 0.402	 0.454	 0.281	 0.473	 0.3892222	 0.5019543	 0.282854	 0.2125153	 0.3609051
Cameroon	CMR	2010	 0.3259895	 0.4934694	 33.939267561	 0.353	 0.199		 0.519	 0.4802333	 0.4823695	 0.288564	 0.310711	 0.3863779
Cameroon	CMR	2011	 0.3319379	 0.4982637	 33.381079135	 0.43	 0.353	 0.199	 0.526	 0.4857889	 0.4845356	 0.29982	 0.3143054	 0.388113
Cameroon	CMR	2012	 0.3336413	 0.5011119	 33.419801046	 0.43	 0.353	 0.199	 0.532	 0.4857889	 0.4864839	 0.30324	 0.3143054	 0.3896736
Cameroon	CMR	2013	0.3389846	 0.5043766	 32.791370575	 0.394	 0.348	 0.231	 0.539	 0.4857889	 0.4896175	 0.326634	 0.3167343	 0.3765159
Congo (Democratic Republic of the)	COD	2010	 0.2033722	 0.3186568	 36.178295897	 0.291	 0.221		 0.446	 0.3551111	 0.2041602	 0.210066	 0.2517738	 0.1590408
Congo (Democratic Republic of the)	COD	2011	 0.1944779	 0.3234543	 39.87469018	 0.5	 0.312	 0.368	 0.451	 0.3606667	 0.2079947	 0.2255	 0.2481387	 0.1314527
Congo (Democratic Republic of the)	COD	2012	 0.2000838	 0.3327627	 39.871926751	 0.5	 0.312	 0.368	 0.456	 0.3717778	 0.2173261	 0.228	 0.2557831	 0.1373501
Congo (Democratic Republic of the)	COD	2013	0.2109764	 0.33792	 37.566169508	 0.499	 0.294	 0.312	 0.461	 0.3717778	 0.2251575	 0.230961	 0.2624751	 0.1549084
Congo	COG	2010	 0.3856046	 0.5653149	 31.789415068	 0.3	 0.22		 0.573	 0.4989876	 0.6321405	 0.332913	 0.3492914	 0.4930696
Congo	COG	2011	 0.3783274	 0.5486706	 31.046533202	 0.37	 0.254	 0.303	 0.582	 0.5051605	 0.5622621	 0.36666	 0.3768497	 0.3918967
Congo	COG	2012	 0.3866219	 0.5607067	 31.04739073	 0.37	 0.254	 0.303	 0.59	 0.5113333	 0.5847779	 0.3717	 0.3814547	 0.4075902
Congo	COG	2013	0.3909408	 0.5640908	 30.695412866	 0.36	 0.254	 0.303	 0.597	 0.5113333	 0.5881702	 0.38208	 0.3814547	 0.4099546
Colombia	COL	2010	 0.5042543	 0.7059537	 28.571193833	 0.239	 0.436		 0.822	 0.6105558	 0.7011006	 0.697878	 0.464633	 0.3954207
Colombia	COL	2011	 0.47909	 0.7101067	 32.532674315	 0.137	 0.228	 0.539	 0.825	 0.6133335	 0.7075736	 0.711975	 0.4734935	 0.3261914
Colombia	COL	2012	 0.5112064	 0.7083461	 27.830985446	 0.137	 0.215	 0.445	 0.828	 0.6022224	 0.712571	 0.714564	 0.4727446	 0.3954769
Colombia	COL	2013	0.5210528	 0.7107338	 26.688051138	 0.135	 0.221	 0.415	 0.831	 0.6022224	 0.7170972	 0.718815	 0.4691312	 0.4195019
Comoros	COM	2010	 0.2690495	 0.4794759	 43.886752181	 0.474	 0.54		 0.619	 0.4365309	 0.4080604	 0.45187	 0.2296152	 0.1877078
Comoros	COM	2011		 0.4825543	 	 0.326	 0.474		 0.622	 0.4434753	 0.4072194	 0.419228	 0.233268	
Comoros	COM	2012		 0.4860268	 	 0.326	 0.474		 0.626	 0.4504198	 0.4074727	 0.421924	 0.2369208	
Comoros	COM	2013		 0.4877025	 	 0.342	 0.474		 0.629	 0.4504198	 0.4095565	 0.413882	 0.2369208	
Cape Verde	CPV	2010		 0.6216236	 	 0.307			 0.832	 0.4723555	 0.6110513	 0.6955521	 0.3273424	
Cape Verde	CPV	2011		 0.6305175	 	 0.127	 0.307		 0.838	 0.4834667	 0.6190536	 0.731574	 0.3350424	
Cape Verde	CPV	2012		 0.6349776	 	 0.127			 0.843	 0.4834667	 0.6284509	 0.735939		
Cape Verde	CPV	2013	0.5108456	 0.6358616	 19.660882179	 0.12	 0.182	 0.28	 0.848	 0.4834667	 0.6273908	 0.74624	 0.3954757	 0.4517214
Costa Rica	CRI	2010	 0.5957524	 0.7504209	 20.61089983	 0.177	 0.337		 0.912	 0.6404889	 0.7234495	 0.836304	 0.5271224	 0.479647
Costa Rica	CRI	2011	 0.6024895	 0.7576091	 20.474886059	 0.078	 0.177	 0.337	 0.915	 0.6518847	 0.7288066	 0.84363	 0.5365011	 0.4831988
Costa Rica	CRI	2012	 0.5969989	 0.7609704	 21.547684378	 0.078	 0.157	 0.379	 0.919	 0.6539216	 0.7335494	 0.8473181	 0.5512559	 0.4555342
Costa Rica	CRI	2013	0.6105932	 0.7625372	 19.926109834	 0.073	 0.157	 0.343	 0.922	 0.6539216	 0.735405	 0.854694	 0.5512559	 0.4831611
Cuba	CUB	2010		 0.8243139	 				 0.904	 0.7901	 0.7845214			
Cuba	CUB	2011		 0.8188015	 	 0.054			 0.906	 0.7678778	 0.7887488	 0.857076		
Cuba	CUB	2012		 0.8126454	 	 0.054			 0.909	 0.7428778	 0.7946941	 0.859914		
Cuba	CUB	2013		 0.8149629	 	 0.051	 0.11		 0.912	 0.7428778	 0.799159	 0.865488	 0.6611612	
Cyprus	CYP	2010	 0.7494141	 0.8482596	 11.652741684	 0.157	 0.138		 0.913	 0.7647489	 0.8741276	 0.866437	 0.6446833	 0.753498
Cyprus	CYP	2011	 0.763864	 0.8496413	 10.095707447	 0.041	 0.15	 0.109	 0.916	 0.7708112	 0.8691394	 0.878444	 0.6551895	 0.7744032
Cyprus	CYP	2012	 0.7504958	 0.8478884	 11.48648808	 0.041	 0.163	 0.136	 0.918	 0.7761984	 0.8554047	 0.880362	 0.6496781	 0.7390696
Cyprus	CYP	2013	0.7521004	 0.8450187	 10.996005177	 0.037	 0.14	 0.149	 0.921	 0.7761984	 0.8443856	 0.886923	 0.6675306	 0.7185721
Czech Republic	CZE	2010	 0.8065209	 0.8584457	 6.048699411	 0.013	 0.122		 0.881	 0.8634444	 0.8315973	 0.843117	 0.8522196	 0.7301424
Czech Republic	CZE	2011	 0.8182734	 0.8614102	 5.007695521	 0.039	 0.013	 0.096	 0.883	 0.8662222	 0.8354034	 0.848563	 0.8549613	 0.7552047
Czech Republic	CZE	2012	 0.8146706	 0.8611643	 5.398934907	 0.039	 0.013	 0.107	 0.885	 0.8662222	 0.8326867	 0.850485	 0.8549613	 0.7435892
Czech Republic	CZE	2013	0.8135667	 0.8613421	 5.546623113	 0.037	 0.014	 0.113	 0.888	 0.8662222	 0.8312094	 0.855144	 0.8540951	 0.7372828
Germany	DEU	2010	 0.8315307	 0.9039866	 8.015151995	 0.023	 0.167		 0.927	 0.8788449	 0.9070796	 0.886212	 0.8586314	 0.7555974
Germany	DEU	2011	 0.8453001	 0.9084225	 6.948572938	 0.04	 0.018	 0.145	 0.929	 0.8843719	 0.9120806	 0.89184	 0.8684533	 0.7798289
Germany	DEU	2012	 0.8473725	 0.9105141	 6.934719627	 0.04	 0.018	 0.145	 0.932	 0.8843719	 0.9158481	 0.89472	 0.8684533	 0.7830502
Germany	DEU	2013	0.8465282	 0.9114369	 7.121579124	 0.037	 0.024	 0.148	 0.935	 0.8843719	 0.9161404	 0.900405	 0.863147	 0.7805517
Djibouti	DJI	2010	 0.2834781	 0.4523873	 37.337299257	 0.47	 0.213		 0.62	 0.2947667	 0.5065072	 0.3658	 0.1562263	 0.3986212
Djibouti	DJI	2011	 0.2956838	 0.4613855	 35.913937477	 0.369	 0.47	 0.213	 0.628	 0.3058778	 0.5113225	 0.396268	 0.1621152	 0.4024108
Djibouti	DJI	2012	 0.2973231	 0.4646573	 36.012390207	 0.369	 0.47	 0.217	 0.636	 0.3058778	 0.5159575	 0.401316	 0.1621152	 0.4039947
Djibouti	DJI	2013	0.3058203	 0.4674193	 34.572598949	 0.325	 0.47	 0.217	 0.643	 0.3058778	 0.519157	 0.434025	 0.1621152	 0.4064999
Dominica	DMA	2010		 0.7168247	 				 0.883	 0.607498	 0.6868263			
Dominica	DMA	2011		 0.7182954	 				 0.884	 0.607498	 0.689896			
Dominica	DMA	2012		 0.7161099	 				 0.886	 0.607498	 0.6824661			
Dominica	DMA	2013		 0.7169041	 				 0.887	 0.607498	 0.6836115			
Denmark	DNK	2010	 0.8400767	 0.8979302	 6.442984098	 0.03	 0.113		 0.907	 0.872826	 0.9143019	 0.863464	 0.8466412	 0.8109858
Denmark	DNK	2011	 0.8455187	 0.8991696	 5.966716401	 0.044	 0.031	 0.102	 0.909	 0.872826	 0.915841	 0.869004	 0.8457685	 0.8224252
Denmark	DNK	2012	 0.8437278	 0.8996514	 6.216141052	 0.044	 0.031	 0.11	 0.912	 0.872826	 0.9151931	 0.871872	 0.8457685	 0.8145219
Denmark	DNK	2013	0.8382813	 0.9004607	 6.905287482	 0.04	 0.031	 0.133	 0.914	 0.872826	 0.9155483	 0.87744	 0.8457685	 0.7937804
Dominican Republic	DOM	2010	 0.5196038	 0.6910418	 24.808629521	 0.222	 0.326		 0.811	 0.5838511	 0.6966804	 0.657721	 0.4542361	 0.4695626
Dominican Republic	DOM	2011	 0.5147597	 0.6945049	 25.881055699	 0.16	 0.268	 0.338	 0.815	 0.5868451	 0.7006227	 0.6846	 0.4295706	 0.4638123
Dominican Republic	DOM	2012	 0.5072207	 0.6980748	 27.340064417	 0.16	 0.268	 0.376	 0.818	 0.5901706	 0.7045068	 0.68712	 0.4320048	 0.4396122
Dominican Republic	DOM	2013	0.5352388	 0.7001542	 23.554154213	 0.169	 0.24	 0.293	 0.822	 0.5901706	 0.7078795	 0.683082	 0.4485296	 0.5004708
Algeria	DZA	2010		 0.7092283	 				 0.779	 0.6314778	 0.7254946	 0.639559		
Algeria	DZA	2011		 0.7152261	 	 0.145			 0.781	 0.6425889	 0.7292894	 0.667755		
Algeria	DZA	2012		 0.7152674	 	 0.145			 0.783	 0.6425889	 0.7275948	 0.669465		
Algeria	DZA	2013		 0.7166462	 	 0.167			 0.785	 0.6425889	 0.7300025	 0.653905		
Ecuador	ECU	2010	 0.5593463	 0.7010599	 20.214192824	 0.218	 0.234		 0.856	 0.5938375	 0.6777498	 0.725888	 0.4643809	 0.5191563
Ecuador	ECU	2011	 0.5236521	 0.7052226	 25.746551514	 0.141	 0.221	 0.388	 0.86	 0.5938375	 0.6865633	 0.73874	 0.4625994	 0.4201767
Ecuador	ECU	2012	 0.5259916	 0.7081755	 25.725812316	 0.141	 0.221	 0.388	 0.865	 0.5938375	 0.6917843	 0.743035	 0.4625994	 0.423372
Ecuador	ECU	2013	0.5490159	 0.710637	 22.743130459	 0.134	 0.216	 0.321	 0.869	 0.5938375	 0.6956066	 0.752554	 0.4655686	 0.4723169
Egypt	EGY	2010	 0.4917034	 0.6784888	 27.529621712	 0.436	 0.159		 0.777	 0.5734444	 0.7013711	 0.623154	 0.3234227	 0.589853
Egypt	EGY	2011	 0.5152773	 0.6792495	 24.140201796	 0.139	 0.409	 0.142	 0.78	 0.5734444	 0.7005823	 0.67158	 0.3389057	 0.6010996
Egypt	EGY	2012	 0.5163607	 0.680535	 24.124299265	 0.139	 0.409	 0.142	 0.784	 0.5734444	 0.7014136	 0.675024	 0.3389057	 0.6018128
Egypt	EGY	2013	0.5180531	 0.6815782	 23.992125922	 0.134	 0.409	 0.142	 0.787	 0.5734444	 0.7015585	 0.681542	 0.3389057	 0.6019372
Eritrea	ERI	2010		 0.3726921	 				 0.635	 0.2275137	 0.3583184			
Eritrea	ERI	2011		 0.3769746	 	 0.266			 0.643	 0.2275137	 0.366138	 0.471962		
Eritrea	ERI	2012		 0.3803653	 	 0.266			 0.651	 0.2275137	 0.3714243	 0.477834		
Eritrea	ERI	2013		 0.3809277	 	 0.247			 0.659	 0.2275137	 0.3685211	 0.496227		
Spain	ESP	2010	 0.7796422	 0.8638762	 9.750702705	 0.057	 0.185		 0.949	 0.7825227	 0.8685515	 0.907244	 0.7379189	 0.7078695
Spain	ESP	2011	 0.7899063	 0.8675105	 8.945620831	 0.041	 0.055	 0.167	 0.951	 0.7918404	 0.8669879	 0.912009	 0.7482892	 0.7222009
Spain	ESP	2012	 0.7813175	 0.868699	 10.058892666	 0.041	 0.055	 0.197	 0.953	 0.794397	 0.8657376	 0.913927	 0.7507052	 0.6951873
Spain	ESP	2013	0.7744039	 0.8689108	 10.876478921	 0.039	 0.054	 0.221	 0.955	 0.794397	 0.86439	 0.917755	 0.7514995	 0.6733598
Estonia	EST	2010	 0.7486975	 0.8298815	 9.782601492	 0.031	 0.177		 0.832	 0.8585333	 0.7999362	 0.766272	 0.8319188	 0.6583475
Estonia	EST	2011	 0.7697147	 0.8355458	 7.878814064	 0.06	 0.027	 0.145	 0.834	 0.8585333	 0.8144405	 0.78396	 0.8353529	 0.6963467
Estonia	EST	2012	 0.7631385	 0.8386121	 8.999822445	 0.06	 0.026	 0.177	 0.836	 0.8585333	 0.8217883	 0.78584	 0.8362114	 0.6763318
Estonia	EST	2013	0.7666974	 0.8399008	 8.715719761	 0.056	 0.025	 0.174	 0.838	 0.8585333	 0.8239751	 0.791072	 0.83707	 0.6806035
Ethiopia	ETH	2010	 0.2684487	 0.4087455	 34.323754023	 0.382	 0.208		 0.638	 0.3003178	 0.3562787	 0.369402	 0.1855964	 0.2821727
Ethiopia	ETH	2011	 0.2875101	 0.4220945	 31.884897813	 0.354	 0.382	 0.208	 0.65	 0.3137442	 0.3685735	 0.4199	 0.1938939	 0.2919102
Ethiopia	ETH	2012	 0.2920888	 0.4290369	 31.919888476	 0.354	 0.383	 0.208	 0.661	 0.316522	 0.3773085	 0.427006	 0.1952941	 0.2988283
Ethiopia	ETH	2013	0.3071486	 0.4351395	 29.413762713	 0.302	 0.443	 0.095	 0.671	 0.316522	 0.3877572	 0.468358	 0.1763027	 0.3509203
Finland	FIN	2010	 0.8111635	 0.8765872	 7.463456003	 0.047	 0.134		 0.923	 0.8123111	 0.8985022	 0.88608	 0.7741325	 0.7781029
Finland	FIN	2011	 0.8298112	 0.8790374	 5.600012013	 0.039	 0.021	 0.106	 0.926	 0.8150889	 0.9000741	 0.889886	 0.797972	 0.8046662
Finland	FIN	2012	 0.8269086	 0.879097	 5.936591753	 0.039	 0.024	 0.113	 0.929	 0.8150889	 0.8975427	 0.892769	 0.7955267	 0.7961203
Finland	FIN	2013	0.830191	 0.8790243	 5.555398184	 0.035	 0.021	 0.108	 0.931	 0.8150889	 0.8947557	 0.898415	 0.797972	 0.798122
Fiji	FJI	2010		 0.7212769	 	 0.11			 0.758	 0.7593746	 0.6520585	 0.652638	 0.6758434	
Fiji	FJI	2011		 0.7222468	 	 0.13			 0.761	 0.7665174	 0.6461781	 0.66207		
Fiji	FJI	2012		 0.7217805	 	 0.13			 0.763	 0.7665174	 0.6425361	 0.66381		
Fiji	FJI	2013	0.6131744	 0.7240818	 15.316971094	 0.123	 0.105	 0.226	 0.766	 0.7665174	 0.6463052	 0.671782	 0.6860331	 0.5002402
France	FRA	2010	 0.7976179	 0.8788494	 9.242937413	 0.091	 0.139		 0.944	 0.8071831	 0.8909844	 0.90152	 0.7337295	 0.7671375
France	FRA	2011	 0.801495	 0.8823517	 9.163772224	 0.042	 0.091	 0.139	 0.946	 0.812565	 0.8933479	 0.906268	 0.7386215	 0.7691725
France	FRA	2012	 0.8038946	 0.8837102	 9.031874929	 0.042	 0.094	 0.133	 0.949	 0.8155494	 0.8920065	 0.909142	 0.7388878	 0.7733696
France	FRA	2013	0.8044989	 0.8843256	 9.026844863	 0.04	 0.086	 0.142	 0.951	 0.8155494	 0.8917453	 0.91296	 0.7454122	 0.7651175
Micronesia (Federated States of)	FSM	2010	 0.3826419	 0.6265396	 38.927738965	 0.224	 0.631		 0.749	 0.6110845	 0.5376988	 0.595455	 0.4742016	 0.1984109
Micronesia (Federated States of)	FSM	2011	 0.3851146	 0.6274073	 38.618087485	 0.192	 0.224	 0.631	 0.75	 0.6110845	 0.5386517	 0.606	 0.4742016	 0.1987625
Micronesia (Federated States of)	FSM	2012		 0.6294533	 	 0.192			 0.752	 0.6110845	 0.5426923	 0.607616		
Micronesia (Federated States of)	FSM	2013		 0.6303927	 	 0.198		 0.631	 0.754	 0.6110845	 0.5438907	 0.604708		 0.2006957
Gabon	GAB	2010	 0.5227674	 0.6623923	 21.078883314	 0.073	 0.221		 0.651	 0.5893334	 0.7572148	 0.443331	 0.546312	 0.5898703
Gabon	GAB	2011	 0.5355313	 0.6655311	 19.533241948	 0.278	 0.073	 0.221	 0.657	 0.5893334	 0.7608057	 0.474354	 0.546312	 0.5926676
Gabon	GAB	2012	 0.5391086	 0.6699237	 19.526865522	 0.278	 0.073	 0.221	 0.663	 0.5893334	 0.7691302	 0.478686	 0.546312	 0.5991524
Gabon	GAB	2013	0.5118085	 0.6736824	 24.028221607	 0.28	 0.235	 0.204	 0.669	 0.5893334	 0.7755832	 0.48168	 0.45084	 0.6173642
United Kingdom	GBR	2010	 0.8081203	 0.8953775	 9.745297375	 0.021	 0.21		 0.924	 0.8777309	 0.884717	 0.878724	 0.8592986	 0.6989264
United Kingdom	GBR	2011	 0.8163512	 0.8906154	 8.338526372	 0.048	 0.022	 0.173	 0.927	 0.8602601	 0.8860135	 0.882504	 0.8413344	 0.7327332
United Kingdom	GBR	2012	 0.8162565	 0.8904045	 8.327451175	 0.048	 0.026	 0.169	 0.929	 0.8602601	 0.883156	 0.884408	 0.8378934	 0.7339026
United Kingdom	GBR	2013	0.8119469	 0.8917259	 8.946583249	 0.045	 0.026	 0.188	 0.931	 0.8602601	 0.8848814	 0.889105	 0.8378934	 0.7185237
Georgia	GEO	2010	 0.6077549	 0.7326476	 17.046763	 0.049	 0.259		 0.829	 0.7703333	 0.6158406	 0.67149	 0.732587	 0.4563379
Georgia	GEO	2011	 0.6321744	 0.7356769	 14.069015895	 0.151	 0.033	 0.227	 0.831	 0.7703333	 0.6218954	 0.705519	 0.7449123	 0.4807252
Georgia	GEO	2012	 0.627877	 0.741087	 15.276209136	 0.151	 0.033	 0.259	 0.833	 0.7703333	 0.6340852	 0.707217	 0.7449123	 0.4698571
Georgia	GEO	2013	0.6355119	 0.7437701	 14.555331009	 0.129	 0.033	 0.259	 0.835	 0.7703333	 0.6393564	 0.727285	 0.7449123	 0.4737631
Ghana	GHA	2010	 0.4153742	 0.5563872	 25.344400446	 0.075	 0.254		 0.625	 0.5346889	 0.5153942	 0.376875	 0.4945872	 0.384484
Ghana	GHA	2011	 0.3837293	 0.5658034	 32.179746534	 0.275	 0.409	 0.272	 0.628	 0.5444111	 0.5298237	 0.4553	 0.321747	 0.3857117
Ghana	GHA	2012	 0.3871564	 0.5710007	 32.196860704	 0.275	 0.409	 0.272	 0.63	 0.5527444	 0.5342414	 0.45675	 0.326672	 0.3889278
Ghana	GHA	2013	0.3939105	 0.5732059	 31.279405882	 0.308	 0.356	 0.272	 0.633	 0.5527444	 0.5384447	 0.438036	 0.3559674	 0.3919877
Guinea	GIN	2010	 0.2339679	 0.3801963	 38.461289602	 0.426	 0.268		 0.543	 0.2861114	 0.3535233	 0.301365	 0.1642279	 0.2587791
Guinea	GIN	2011	 0.236535	 0.3865931	 38.815514297	 0.427	 0.42	 0.311	 0.548	 0.291667	 0.3615901	 0.314004	 0.1691668	 0.2491356
Guinea	GIN	2012	 0.2392106	 0.3909483	 38.812727923	 0.427	 0.42	 0.311	 0.552	 0.2944447	 0.3677873	 0.316296	 0.1707779	 0.2534055
Guinea	GIN	2013	0.2431046	 0.3918685	 37.962709429	 0.403	 0.42	 0.311	 0.556	 0.2944447	 0.3678571	 0.331932	 0.1707779	 0.2534536
Gambia	GMB	2010	 0.2680348	 0.4395632	 39.022465939	 0.447	 0.333		 0.586	 0.3456111	 0.4191428	 0.36039	 0.1911229	 0.2795683
Gambia	GMB	2011		 0.4361582	 	 0.339			 0.59	 0.3456111	 0.4068621	 0.38999		
Gambia	GMB	2012		 0.4380104	 	 0.339			 0.594	 0.3456111	 0.4095473	 0.392634		
Gambia	GMB	2013		 0.440715	 	 0.348		 0.269	 0.597	 0.3456111	 0.4147304	 0.389244		 0.3031679
Guinea-Bissau	GNB	2010	 0.2309519	 0.4006342	 42.353423647	 0.403	 0.325		 0.517	 0.3253333	 0.3826256	 0.245575	 0.194224	 0.2582723
Guinea-Bissau	GNB	2011	 0.2356561	 0.4023039	 41.423361792	 0.501	 0.403	 0.325	 0.52	 0.3253333	 0.3847029	 0.25948	 0.194224	 0.2596744
Guinea-Bissau	GNB	2012	 0.2318443	 0.3957109	 41.410686438	 0.501	 0.403	 0.325	 0.524	 0.3253333	 0.3635389	 0.261476	 0.194224	 0.2453888
Guinea-Bissau	GNB	2013	0.2390677	 0.395649	 39.575810883	 0.453	 0.403	 0.325	 0.528	 0.3253333	 0.3608566	 0.288816	 0.194224	 0.2435782
Equatorial Guinea	GNQ	2010		 0.5586978	 	 0.292			 0.484	 0.4149111	 0.8677866	 0.250712	 0.2937571	
Equatorial Guinea	GNQ	2011		 0.5529531	 	 0.454	 0.292		 0.493	 0.4149111	 0.826822	 0.269178	 0.2937571	
Equatorial Guinea	GNQ	2012		 0.5558606	 	 0.454			 0.501	 0.4149111	 0.8263139	 0.273546		
Equatorial Guinea	GNQ	2013		 0.5560269	 	 0.444			 0.509	 0.4149111	 0.8145478	 0.283004		
Greece	GRC	2010	 0.7691505	 0.856314	 10.178918014	 0.058	 0.199		 0.927	 0.7969885	 0.8502517	 0.88992	 0.7507632	 0.6810516
Greece	GRC	2011	 0.7497128	 0.8542135	 12.233557536	 0.048	 0.143	 0.171	 0.929	 0.7969885	 0.8414816	 0.884408	 0.6830192	 0.6975883
Greece	GRC	2012	 0.7547911	 0.8535777	 11.573240491	 0.048	 0.113	 0.181	 0.932	 0.7969885	 0.837082	 0.887264	 0.7069288	 0.6855701
Greece	GRC	2013	0.7619673	 0.8526644	 10.636904742	 0.04	 0.113	 0.162	 0.935	 0.7969885	 0.8319676	 0.8976	 0.7069288	 0.6971889
Grenada	GRD	2010		 0.7463379	 				 0.806	 0.7239757	 0.7126426			
Grenada	GRD	2011		 0.7471865	 	 0.096			 0.808	 0.7239757	 0.7132381	 0.730432		
Grenada	GRD	2012		 0.7427533	 	 0.096			 0.81	 0.7239757	 0.6988875	 0.73224		
Grenada	GRD	2013		 0.743987	 	 0.084			 0.812	 0.7239757	 0.700672	 0.743792		
Guatemala	GTM	2010	 0.4067297	 0.6127834	 33.625861928	 0.361	 0.425		 0.786	 0.4616477	 0.6340195	 0.625656	 0.2949929	 0.3645612
Guatemala	GTM	2011	 0.4236497	 0.619523	 31.616792274	 0.186	 0.361	 0.385	 0.791	 0.4727638	 0.6356229	 0.643874	 0.3020961	 0.3909081
Guatemala	GTM	2012	 0.4187412	 0.6262752	 33.137828226	 0.186	 0.361	 0.425	 0.796	 0.4838799	 0.6373726	 0.647944	 0.3091992	 0.3664892
Guatemala	GTM	2013	0.4221668	 0.6280801	 32.784560441	 0.174	 0.361	 0.425	 0.802	 0.4838799	 0.6388391	 0.662452	 0.3091993	 0.3673325
Guyana	GUY	2010	 0.5095787	 0.6262522	 18.630433554	 0.096	 0.203		 0.704	 0.5761	 0.6053895	 0.526592	 0.5207944	 0.4824954
Guyana	GUY	2011	 0.4909658	 0.6317553	 22.285448179	 0.217	 0.117	 0.321	 0.707	 0.5816556	 0.6130224	 0.553581	 0.5136018	 0.4162422
Guyana	GUY	2012	 0.5137416	 0.6348323	 19.074439029	 0.217	 0.105	 0.244	 0.71	 0.5816556	 0.6197312	 0.55593	 0.5205817	 0.4685168
Guyana	GUY	2013	0.5216127	 0.6379839	 18.2404603	 0.192	 0.105	 0.244	 0.712	 0.5816556	 0.6268194	 0.575296	 0.5205817	 0.4738755
Hong Kong, China (SAR)	HKG	2010		 0.8823631	 				 0.967	 0.7590333	 0.936178	 0.927353		
Hong Kong, China (SAR)	HKG	2011		 0.8864838	 	 0.029			 0.97	 0.7618111	 0.943207	 0.94187		
Hong Kong, China (SAR)	HKG	2012		 0.8893474	 	 0.029			 0.972	 0.7673666	 0.942789	 0.943812		
Hong Kong, China (SAR)	HKG	2013		 0.8911287	 	 0.028			 0.975	 0.7673666	 0.9457865	 0.9477		
Honduras	HND	2010	 0.4243626	 0.6116005	 30.614412513	 0.31	 0.397		 0.813	 0.5016086	 0.5608851	 0.652839	 0.3461099	 0.3382137
Honduras	HND	2011	 0.4200877	 0.6149507	 31.687580809	 0.174	 0.318	 0.434	 0.818	 0.5066697	 0.5609974	 0.675668	 0.3455487	 0.3175245
Honduras	HND	2012	 0.4462416	 0.6157134	 27.524461868	 0.174	 0.282	 0.358	 0.823	 0.5049632	 0.5615795	 0.679798	 0.3625636	 0.360534
Honduras	HND	2013	0.4181028	 0.6171928	 32.257343248	 0.17	 0.296	 0.468	 0.828	 0.5049632	 0.562337	 0.68724	 0.3554941	 0.2991633
Croatia	HRV	2010	 0.6832826	 0.8064618	 15.274027858	 0.104	 0.278		 0.87	 0.7600071	 0.7933982	 0.8178	 0.6809664	 0.5728335
Croatia	HRV	2011	 0.6893908	 0.8121334	 15.113600795	 0.055	 0.104	 0.278	 0.873	 0.7703345	 0.7969404	 0.824985	 0.6902197	 0.5753909
Croatia	HRV	2012	 0.6891582	 0.8120358	 15.132042208	 0.055	 0.104	 0.278	 0.875	 0.7703345	 0.7943143	 0.826875	 0.6902197	 0.5734949
Croatia	HRV	2013	0.7213157	 0.8123099	 11.201907055	 0.052	 0.104	 0.176	 0.878	 0.7703345	 0.7927911	 0.832344	 0.6902197	 0.6532599
Haiti	HTI	2010	 0.2734346	 0.4619482	 40.808385009	 0.407	 0.479		 0.645	 0.3742778	 0.4085	 0.432795	 0.2219467	 0.2128285
Haiti	HTI	2011	 0.2786119	 0.4660547	 40.219055832	 0.309	 0.407	 0.479	 0.652	 0.3742778	 0.4151326	 0.450532	 0.2219467	 0.2162841
Haiti	HTI	2012	 0.2800862	 0.4685475	 40.222453433	 0.309	 0.407	 0.479	 0.658	 0.3742778	 0.4179119	 0.454678	 0.2219467	 0.2177321
Haiti	HTI	2013	0.2853215	 0.4714268	 39.477030156	 0.279	 0.404	 0.484	 0.663	 0.3742778	 0.422148	 0.478023	 0.2230695	 0.2178283
Hungary	HUN	2010	 0.7466122	 0.8167747	 8.590190171	 0.041	 0.147		 0.834	 0.8076715	 0.8086672	 0.778956	 0.774557	 0.6897932
Hungary	HUN	2011	 0.759913	 0.8173797	 7.030600344	 0.057	 0.04	 0.112	 0.836	 0.8048938	 0.8112428	 0.788348	 0.772698	 0.7203836
Hungary	HUN	2012	 0.7560489	 0.8165775	 7.412474627	 0.057	 0.041	 0.122	 0.838	 0.8048938	 0.8069417	 0.790234	 0.7718931	 0.7084948
Hungary	HUN	2013	0.7571994	 0.8180577	 7.439365218	 0.054	 0.035	 0.131	 0.84	 0.8048938	 0.8094216	 0.7946399	 0.7767225	 0.7033874
Indonesia	IDN	2010	 0.5520059	 0.6708566	 17.716260077	 0.214	 0.148		 0.772	 0.5941641	 0.6581457	 0.642304	 0.467013	 0.5607401
Indonesia	IDN	2011	 0.553766	 0.6777803	 18.297123714	 0.168	 0.204	 0.177	 0.776	 0.6031361	 0.6656799	 0.645632	 0.4800963	 0.5478546
Indonesia	IDN	2012	 0.5564685	 0.681183	 18.308516214	 0.168	 0.204	 0.177	 0.779	 0.6031361	 0.6728728	 0.648128	 0.4800963	 0.5537743
Indonesia	IDN	2013	0.5531812	 0.6842584	 19.156096586	 0.164	 0.232	 0.177	 0.782	 0.6031361	 0.6792235	 0.653752	 0.4632085	 0.559001
India	IND	2010	 0.4008384	 0.5699044	 29.665677261	 0.406	 0.147		 0.702	 0.456	 0.5779814	 0.482274	 0.270864	 0.4930181
India	IND	2011	 0.4164755	 0.5805603	 28.263179553	 0.271	 0.406	 0.147	 0.706	 0.4726667	 0.5860649	 0.514674	 0.280764	 0.4999134
India	IND	2012	 0.4123552	 0.583231	 29.298134016	 0.271	 0.424	 0.158	 0.71	 0.4726667	 0.5909341	 0.51759	 0.272256	 0.4975665
India	IND	2013	0.4183306	 0.5857309	 28.579728336	 0.25	 0.421	 0.161	 0.714	 0.4726667	 0.595393	 0.5355	 0.273674	 0.4995347
Ireland	IRL	2010	 0.8168656	 0.8992628	 9.162749755	 0.032	 0.188		 0.925	 0.8870667	 0.8858784	 0.88245	 0.8586805	 0.7193332
Ireland	IRL	2011	 0.8345528	 0.8996879	 7.239743916	 0.043	 0.032	 0.138	 0.928	 0.8870667	 0.8842248	 0.888096	 0.8586805	 0.7622018
Ireland	IRL	2012	 0.8355491	 0.9006971	 7.233064257	 0.043	 0.032	 0.138	 0.931	 0.8870667	 0.8845359	 0.890967	 0.8586805	 0.7624699
Ireland	IRL	2013	0.8318836	 0.8992991	 7.496449179	 0.037	 0.052	 0.133	 0.934	 0.8870667	 0.8778713	 0.899442	 0.8409392	 0.7611144
Iran (Islamic Republic of)	IRN	2010		 0.7253044	 				 0.817	 0.6251222	 0.7472464	 0.675659		
Iran (Islamic Republic of)	IRN	2011		 0.7329393	 	 0.161			 0.822	 0.6390111	 0.7497725	 0.689658		
Iran (Islamic Republic of)	IRN	2012		 0.749406	 	 0.161			 0.827	 0.6834555	 0.7448849	 0.693853		
Iran (Islamic Republic of)	IRN	2013	0.4977856	 0.7493494	 33.57096169	 0.125	 0.373	 0.466	 0.832	 0.6834555	 0.7404172	 0.728	 0.4285266	 0.3953828
Iraq	IRQ	2010		 0.6378017	 				 0.75	 0.4665556	 0.7414223			
Iraq	IRQ	2011		 0.6388972	 	 0.203			 0.753	 0.4665556	 0.7423107	 0.600141		
Iraq	IRQ	2012		 0.6407029	 	 0.203	 0.33		 0.757	 0.4665556	 0.7450454	 0.603329	 0.3125922	
Iraq	IRQ	2013	0.5045829	 0.6421643	 21.424641638	 0.176	 0.298	 0.161	 0.76	 0.4665556	 0.7465423	 0.62624	 0.327522	 0.626349
Iceland	ISL	2010	 0.8271881	 0.8860424	 6.642379642	 0.026	 0.134		 0.949	 0.8468667	 0.8652218	 0.915785	 0.8248481	 0.7492821
Iceland	ISL	2011	 0.8374292	 0.8900009	 5.906926611	 0.03	 0.026	 0.118	 0.951	 0.8468667	 0.8750834	 0.92247	 0.8248481	 0.7718235
Iceland	ISL	2012	 0.8360921	 0.8930116	 6.37388137	 0.03	 0.025	 0.132	 0.953	 0.8468667	 0.8821822	 0.92441	 0.825695	 0.7657341
Iceland	ISL	2013	0.8433797	 0.8946937	 5.735370664	 0.028	 0.025	 0.116	 0.955	 0.8468667	 0.8853762	 0.92826	 0.825695	 0.7826725
Israel	ISR	2010	 0.770484	 0.8809608	 12.540489883	 0.079	 0.237		 0.943	 0.8479673	 0.8550252	 0.897736	 0.7809779	 0.6523842
Israel	ISR	2011	 0.7761788	 0.8846114	 12.257653474	 0.039	 0.079	 0.237	 0.946	 0.8512881	 0.8598249	 0.909106	 0.7840363	 0.6560464
Israel	ISR	2012	 0.7776102	 0.8864251	 12.275701579	 0.039	 0.079	 0.237	 0.948	 0.8542678	 0.8597572	 0.911028	 0.7867807	 0.6559948
Israel	ISR	2013	0.7929149	 0.8877626	 10.683903557	 0.038	 0.079	 0.196	 0.951	 0.8542678	 0.8614188	 0.914862	 0.7867807	 0.6925807
Italy	ITA	2010	 0.7644935	 0.8691282	 12.039040961	 0.118	 0.194		 0.953	 0.7839503	 0.8790717	 0.912021	 0.6914442	 0.7085318
Italy	ITA	2011	 0.7772219	 0.8719071	 10.859551436	 0.039	 0.114	 0.168	 0.955	 0.7895058	 0.8790144	 0.917755	 0.6995021	 0.7313399
Italy	ITA	2012	 0.7684242	 0.8722918	 11.907437397	 0.039	 0.131	 0.181	 0.957	 0.7895058	 0.8780287	 0.919677	 0.6860805	 0.7191055
Italy	ITA	2013	0.7682338	 0.8718088	 11.880471957	 0.034	 0.117	 0.198	 0.96	 0.7895058	 0.8744633	 0.92736	 0.6971336	 0.7013196
Jamaica	JAM	2010	 0.593536	 0.7117478	 16.608663912	 0.083	 0.241		 0.814	 0.6683556	 0.6629078	 0.678062	 0.6128821	 0.5031471
Jamaica	JAM	2011	 0.5982274	 0.713565	 16.163573045	 0.153	 0.083	 0.241	 0.817	 0.6683556	 0.6650813	 0.691999	 0.6128821	 0.5047967
Jamaica	JAM	2012	 0.5780806	 0.7145222	 19.095501861	 0.153	 0.106	 0.301	 0.821	 0.6683556	 0.665145	 0.695387	 0.5975099	 0.4649363
Jamaica	JAM	2013	0.5792218	 0.715344	 19.02891476	 0.15	 0.106	 0.301	 0.823	 0.6683556	 0.6651105	 0.69955	 0.5975099	 0.4649123
Jordan	JOR	2010	 0.6009859	 0.7437066	 19.190457635	 0.251	 0.187		 0.821	 0.7025028	 0.7128699	 0.711807	 0.5261746	 0.5795633
Jordan	JOR	2011	 0.6025287	 0.7435058	 18.961129826	 0.131	 0.224	 0.211	 0.824	 0.6997251	 0.7130501	 0.716056	 0.5429867	 0.5625966
Jordan	JOR	2012	 0.6030557	 0.7442718	 18.973727071	 0.131	 0.224	 0.211	 0.826	 0.6997251	 0.7131916	 0.717794	 0.5429867	 0.5627081
Jordan	JOR	2013	0.6069485	 0.7454702	 18.581789051	 0.119	 0.224	 0.211	 0.829	 0.6997251	 0.7145932	 0.730349	 0.5429867	 0.563814
Japan	JPN	2010		 0.8840454	 				 0.971	 0.8024445	 0.8870494	 0.933131		
Japan	JPN	2011		 0.8865978	 	 0.035			 0.973	 0.808	 0.8863129	 0.938945		
Japan	JPN	2012		 0.8884558	 	 0.035			 0.976	 0.808	 0.8896044	 0.94184		
Japan	JPN	2013	0.7794074	 0.8900861	 12.434606045	 0.032	 0.198	 0.135	 0.978	 0.808	 0.8922313	 0.946704	 0.648016	 0.7717801
Kazakhstan	KAZ	2010	 0.6456531	 0.7469686	 13.563555416	 0.053	 0.176		 0.709	 0.7539333	 0.7793115	 0.587052	 0.7139748	 0.6421527
Kazakhstan	KAZ	2011	 0.6613724	 0.750455	 11.870478576	 0.162	 0.053	 0.138	 0.712	 0.7594889	 0.7820516	 0.596656	 0.719236	 0.6741285
Kazakhstan	KAZ	2012	 0.6520553	 0.7545154	 13.579590291	 0.162	 0.069	 0.173	 0.714	 0.7622667	 0.7894943	 0.598332	 0.7096703	 0.6529118
Kazakhstan	KAZ	2013	0.6674277	 0.7573712	 11.875748642	 0.167	 0.059	 0.127	 0.716	 0.7622667	 0.7960563	 0.596428	 0.717293	 0.6949572
Kenya	KEN	2010	 0.3559647	 0.5222732	 31.843200072	 0.292	 0.288		 0.609	 0.5145556	 0.4546722	 0.382452	 0.3643053	 0.3237266
Kenya	KEN	2011	 0.3498772	 0.5270916	 33.62117704	 0.341	 0.307	 0.36	 0.622	 0.5145556	 0.4578528	 0.409898	 0.356587	 0.2930258
Kenya	KEN	2012	 0.352446	 0.5309506	 33.619813218	 0.341	 0.307	 0.36	 0.633	 0.5145556	 0.4598785	 0.417147	 0.356587	 0.2943222
Kenya	KEN	2013	0.3597748	 0.5351156	 32.766901208	 0.315	 0.307	 0.36	 0.642	 0.5145556	 0.4640035	 0.43977	 0.356587	 0.2969622
Kyrgyzstan	KGZ	2010	 0.5213516	 0.6140563	 15.097101031	 0.111	 0.122		 0.724	 0.6507334	 0.4915167	 0.567616	 0.5785019	 0.4315517
Kyrgyzstan	KGZ	2011	 0.5289616	 0.6184236	 14.466136157	 0.198	 0.111	 0.122	 0.726	 0.6562889	 0.4962153	 0.582252	 0.5834408	 0.435677
Kyrgyzstan	KGZ	2012	 0.5148652	 0.6212099	 17.118964138	 0.198	 0.065	 0.241	 0.729	 0.6562889	 0.501222	 0.584658	 0.6136301	 0.3804275
Kyrgyzstan	KGZ	2013	0.5193458	 0.627507	 17.23665234	 0.2	 0.066	 0.241	 0.731	 0.6562889	 0.5148478	 0.5848	 0.6129738	 0.3907695
Cambodia	KHM	2010	 0.4061567	 0.5705156	 28.808835376	 0.311	 0.214		 0.782	 0.4951778	 0.4797301	 0.520812	 0.3411775	 0.3770678
Cambodia	KHM	2011	 0.4181887	 0.5745551	 27.215213998	 0.288	 0.311	 0.214	 0.788	 0.4951778	 0.4860799	 0.561056	 0.3411775	 0.3820588
Cambodia	KHM	2012	 0.4292107	 0.5793503	 25.915167387	 0.288	 0.283	 0.203	 0.793	 0.4951778	 0.4949027	 0.564616	 0.3550425	 0.3944375
Cambodia	KHM	2013	0.4397871	 0.5840143	 24.695833647	 0.253	 0.283	 0.203	 0.799	 0.4951778	 0.5036414	 0.596853	 0.3550425	 0.4014022
Kiribati	KIR	2010		 0.5990695	 				 0.738	 0.6020705	 0.4841215			
Kiribati	KIR	2011		 0.5985803	 				 0.743	 0.6020705	 0.4796947			
Kiribati	KIR	2012		 0.6055639	 				 0.748	 0.6020705	 0.4933998			
Kiribati	KIR	2013	0.4162694	 0.6074132	 31.468496239	 0.206	 0.214	 0.484	 0.752	 0.6020705	 0.4947268	 0.597088	 0.4732274	 0.255279
Saint Kitts and Nevis	KNA	2010		 0.7465411	 				 0.814	 0.6379126	 0.80137			
Saint Kitts and Nevis	KNA	2011		 0.7446178	 				 0.817	 0.6379126	 0.7918395			
Saint Kitts and Nevis	KNA	2012		 0.7487935	 				 0.821	 0.6379126	 0.801915			
Saint Kitts and Nevis	KNA	2013		 0.7496548	 				 0.824	 0.6379126	 0.8014703			
Korea (Republic of)	KOR	2010	 0.7352872	 0.8823118	 16.663564966	 0.255	 0.184		 0.935	 0.8617319	 0.8525187	 0.89012	 0.6419902	 0.6956552
Korea (Republic of)	KOR	2011	 0.7397174	 0.8861422	 16.523849107	 0.043	 0.255	 0.184	 0.939	 0.8645096	 0.8570451	 0.898623	 0.6440597	 0.6993488
Korea (Republic of)	KOR	2012	 0.7415692	 0.8883072	 16.518834926	 0.043	 0.255	 0.184	 0.943	 0.8645096	 0.8598348	 0.902451	 0.6440597	 0.7016252
Korea (Republic of)	KOR	2013	0.7358868	 0.8906693	 17.37822332	 0.039	 0.281	 0.184	 0.947	 0.8645096	 0.863318	 0.910067	 0.6215824	 0.7044675
Kuwait	KWT	2010		 0.8069396	 				 0.831	 0.6325678	 1.0	 0.770337		
Kuwait	KWT	2011		 0.8102202	 	 0.067			 0.832	 0.6391776	 1.0	 0.776256		
Kuwait	KWT	2012		 0.8134942	 	 0.067			 0.834	 0.6457875	 1.0	 0.778122		
Kuwait	KWT	2013		 0.8140043	 	 0.072			 0.835	 0.6457875	 1.0	 0.77488		
Lao People's Democratic Republic	LAO	2010	 0.412859	 0.5491508	 24.818647264	 0.305	 0.155		 0.722	 0.4219778	 0.5432482	 0.522728	 0.2932746	 0.4590447
Lao People's Democratic Republic	LAO	2011	 0.4317846	 0.5595273	 22.83046779	 0.217	 0.305	 0.155	 0.729	 0.4358667	 0.5509561	 0.570807	 0.3029273	 0.4655579
Lao People's Democratic Republic	LAO	2012	 0.4253606	 0.5646456	 24.667685359	 0.217	 0.312	 0.206	 0.736	 0.4358667	 0.5608794	 0.576288	 0.2998762	 0.4453382
Lao People's Democratic Republic	LAO	2013	0.429883	 0.5694201	 24.505123721	 0.215	 0.341	 0.168	 0.743	 0.4358667	 0.5699411	 0.583255	 0.2872361	 0.474191
Lebanon	LBN	2010		 0.758922	 				 0.909	 0.6277983	 0.7656383			
Lebanon	LBN	2011	 0.5895038	 0.7639439	 22.834150518	 0.135	 0.241	 0.3	 0.914	 0.6333539	 0.7700366	 0.79061	 0.4807156	 0.5390256
Lebanon	LBN	2012	 0.5894579	 0.7637563	 22.821206188	 0.135	 0.241	 0.3	 0.919	 0.6305761	 0.7690411	 0.794935	 0.4786073	 0.5383287
Lebanon	LBN	2013	0.6054075	 0.7650145	 20.863264683	 0.067	 0.241	 0.3	 0.923	 0.6305761	 0.7691001	 0.861159	 0.4786073	 0.53837
Liberia	LBR	2010	 0.2464454	 0.3932402	 37.329550743	 0.464	 0.19		 0.607	 0.3672445	 0.2727631	 0.344169	 0.196843	 0.2209381
Liberia	LBR	2011	 0.2601144	 0.4019101	 35.280452021	 0.376	 0.464	 0.19	 0.614	 0.3672445	 0.2880947	 0.383136	 0.196843	 0.2333567
Liberia	LBR	2012	 0.2634985	 0.407207	 35.291264639	 0.376	 0.464	 0.19	 0.619	 0.3672445	 0.2970667	 0.386256	 0.196843	 0.240624
Liberia	LBR	2013	0.2727263	 0.411801	 33.772307498	 0.331	 0.464	 0.19	 0.624	 0.3672445	 0.3047651	 0.417456	 0.196843	 0.2468597
Libya	LBY	2010		 0.7988729	 				 0.842	 0.6978889	 0.8675987	 0.740118		
Libya	LBY	2011		 0.75261	 	 0.097			 0.845	 0.6978889	 0.7227628	 0.7630351		
Libya	LBY	2012		 0.7889224	 	 0.097			 0.848	 0.6978889	 0.8295488	 0.765744		
Libya	LBY	2013		 0.7843788	 	 0.101			 0.851	 0.6978889	 0.812425	 0.765049		
Saint Lucia	LCA	2010		 0.716949	 				 0.837	 0.6258758	 0.7032206			
Saint Lucia	LCA	2011		 0.7178998	 	 0.104			 0.839	 0.6314314	 0.6980146	 0.751744		
Saint Lucia	LCA	2012		 0.7146876	 	 0.104			 0.841	 0.6314314	 0.6871631	 0.753536		
Saint Lucia	LCA	2013		 0.7140594	 	 0.099			 0.843	 0.6314314	 0.6838768	 0.759543		
Liechtenstein	LIE	2010		 0.8823898	 				 0.916	 0.7504333	 1.0			
Liechtenstein	LIE	2011		 0.8873587	 				 0.917	 0.7615445	 1.0			
Liechtenstein	LIE	2012		 0.8879932	 				 0.919	 0.7615445	 1.0			
Liechtenstein	LIE	2013		 0.8886316	 				 0.921	 0.7615445	 1.0			
Sri Lanka	LKA	2010	 0.6100383	 0.7355074	 17.058849442	 0.179	 0.208		 0.828	 0.7377778	 0.6516995	 0.726156	 0.6057156	 0.5161461
Sri Lanka	LKA	2011	 0.6205347	 0.7401897	 16.165450559	 0.094	 0.179	 0.208	 0.83	 0.7377778	 0.662366	 0.75198	 0.6057156	 0.5245938
Sri Lanka	LKA	2012	 0.6332893	 0.745454	 15.046495156	 0.094	 0.146	 0.208	 0.833	 0.7377778	 0.6744109	 0.754698	 0.6300622	 0.5341334
Sri Lanka	LKA	2013	0.642521	 0.7497347	 14.300218464	 0.083	 0.146	 0.196	 0.835	 0.7377778	 0.6838593	 0.765695	 0.6300622	 0.5498229
Lesotho	LSO	2010	 0.311674	 0.4720613	 33.975947615	 0.249	 0.395		 0.424	 0.5004547	 0.4953207	 0.268816	 0.3758415	 0.299669
Lesotho	LSO	2011	 0.305202	 0.4759287	 35.872327094	 0.343	 0.243	 0.47	 0.436	 0.5023066	 0.4924585	 0.286452	 0.3802461	 0.261003
Lesotho	LSO	2012	 0.3082186	 0.4808282	 35.898393647	 0.343	 0.243	 0.47	 0.445	 0.5041584	 0.4951224	 0.292365	 0.3816479	 0.2624149
Lesotho	LSO	2013	0.3129991	 0.4862021	 35.623663493	 0.335	 0.243	 0.47	 0.453	 0.5041584	 0.5032347	 0.301245	 0.3816479	 0.2667144
Lithuania	LTU	2010	 0.7334092	 0.8288885	 11.518955806	 0.043	 0.206		 0.794	 0.8826427	 0.812281	 0.724128	 0.8446891	 0.6449511
Lithuania	LTU	2011	 0.7467847	 0.8276441	 9.769827393	 0.072	 0.041	 0.175	 0.797	 0.8766599	 0.8118507	 0.739616	 0.8407168	 0.6697769
Lithuania	LTU	2012	 0.7397919	 0.8314885	 11.028005799	 0.072	 0.05	 0.201	 0.799	 0.8766599	 0.8206016	 0.741472	 0.8328269	 0.6556607
Lithuania	LTU	2013	0.7457317	 0.8342856	 10.614338783	 0.066	 0.061	 0.186	 0.802	 0.8766599	 0.8262385	 0.749068	 0.8231836	 0.6725581
Luxembourg	LUX	2010	 0.8013809	 0.8809912	 9.036446675	 0.062	 0.157		 0.923	 0.7621111	 0.971918	 0.878696	 0.7148602	 0.8193269
Luxembourg	LUX	2011	 0.8120585	 0.8810644	 7.832106257	 0.035	 0.062	 0.135	 0.926	 0.7621111	 0.9691398	 0.89359	 0.7148602	 0.8383059
Luxembourg	LUX	2012	 0.816812	 0.8800665	 7.18746822	 0.035	 0.063	 0.116	 0.929	 0.7621111	 0.9629708	 0.896485	 0.7140981	 0.8512662
Luxembourg	LUX	2013	0.8141761	 0.8809207	 7.576686528	 0.033	 0.06	 0.131	 0.931	 0.7621111	 0.9629704	 0.900277	 0.7163844	 0.8368213
Latvia	LVA	2010	 0.7194093	 0.8090793	 11.082968011	 0.033	 0.205		 0.797	 0.8215212	 0.8084188	 0.729255	 0.7944109	 0.642693
Latvia	LVA	2011	 0.7162191	 0.8043664	 10.958600459	 0.071	 0.038	 0.21	 0.799	 0.8131878	 0.8009073	 0.742271	 0.7822867	 0.6327168
Latvia	LVA	2012	 0.7201638	 0.8077667	 10.84507445	 0.071	 0.036	 0.209	 0.801	 0.8131878	 0.809471	 0.744129	 0.7839131	 0.6402915
Latvia	LVA	2013	0.7244266	 0.8104797	 10.617551556	 0.076	 0.036	 0.198	 0.802	 0.8131878	 0.8160083	 0.741048	 0.7839131	 0.6544386
Morocco	MAR	2010	 0.4333715	 0.6029944	 28.130095404	 0.427	 0.207		 0.773	 0.4539667	 0.6247808	 0.631541	 0.2601229	 0.4954512
Morocco	MAR	2011	 0.4302689	 0.6118235	 29.674342355	 0.167	 0.458	 0.23	 0.777	 0.4678555	 0.6303069	 0.647241	 0.2535777	 0.4853363
Morocco	MAR	2012	 0.4317796	 0.6141255	 29.691960357	 0.167	 0.458	 0.23	 0.78	 0.4678555	 0.6345196	 0.64974	 0.2535777	 0.4885801
Morocco	MAR	2013	0.4335166	 0.6167095	 29.704893471	 0.168	 0.458	 0.23	 0.784	 0.4678555	 0.6396994	 0.652288	 0.2535777	 0.4925685
Monaco	MCO	2010			 									
Monaco	MCO	2011			 									
Monaco	MCO	2012			 									
Monaco	MCO	2013			 									
Moldova (Republic of)	MDA	2010	 0.5638165	 0.6515241	 13.461911846	 0.075	 0.194		 0.747	 0.6534445	 0.5667447	 0.649143	 0.6044362	 0.4567963
Moldova (Republic of)	MDA	2011	 0.5761961	 0.656341	 12.210862951	 0.112	 0.061	 0.189	 0.749	 0.6562222	 0.5755445	 0.665112	 0.6161926	 0.4667666
Moldova (Republic of)	MDA	2012	 0.5813775	 0.6573936	 11.563255255	 0.112	 0.061	 0.17	 0.75	 0.6534445	 0.5793595	 0.666	 0.6135843	 0.4808684
Moldova (Republic of)	MDA	2013	0.5820816	 0.6627473	 12.171411336	 0.11	 0.061	 0.189	 0.752	 0.6534445	 0.592173	 0.66928	 0.6135843	 0.4802523
Madagascar	MDG	2010	 0.3497365	 0.4939452	 29.195283201	 0.308	 0.193		 0.667	 0.4565738	 0.3955025	 0.424212	 0.3159491	 0.3191705
Madagascar	MDG	2011	 0.3427544	 0.4949167	 30.745032447	 0.256	 0.301	 0.361	 0.674	 0.4574997	 0.3929592	 0.501456	 0.3197923	 0.251101
Madagascar	MDG	2012	 0.3437436	 0.4963256	 30.742319155	 0.256	 0.301	 0.361	 0.681	 0.4584256	 0.3915046	 0.506664	 0.3204395	 0.2501715
Madagascar	MDG	2013	0.3460854	 0.4978835	 30.488678576	 0.248	 0.301	 0.361	 0.688	 0.4584256	 0.3912882	 0.517376	 0.3204395	 0.2500332
Maldives	MDV	2010	 0.5812327	 0.6882387	 15.5478034	 0.115	 0.195		 0.874	 0.5475433	 0.6815918	 0.73853	 0.4845759	 0.5486814
Maldives	MDV	2011	 0.5175159	 0.6917576	 25.188259587	 0.073	 0.412	 0.232	 0.88	 0.5475433	 0.6871501	 0.81576	 0.3219555	 0.5277313
Maldives	MDV	2012	 0.5203362	 0.6954713	 25.182218159	 0.073	 0.412	 0.232	 0.886	 0.5475433	 0.6937157	 0.821322	 0.3219555	 0.5327737
Maldives	MDV	2013	0.5205661	 0.6979128	 25.411011232	 0.081	 0.412	 0.232	 0.891	 0.5475433	 0.6967506	 0.818829	 0.3219555	 0.5351045
Mexico	MEX	2010	 0.5905265	 0.7478928	 21.041290944	 0.179	 0.316		 0.874	 0.6306434	 0.7586195	 0.766498	 0.5177583	 0.5188957
Mexico	MEX	2011	 0.5754496	 0.7519295	 23.470272147	 0.109	 0.219	 0.356	 0.878	 0.6356272	 0.7619218	 0.782298	 0.4964248	 0.4906777
Mexico	MEX	2012	 0.5776398	 0.7549057	 23.481860052	 0.109	 0.219	 0.356	 0.881	 0.6378331	 0.7653742	 0.784971	 0.4981477	 0.492901
Mexico	MEX	2013	0.5826985	 0.7558301	 22.906153116	 0.109	 0.214	 0.346	 0.885	 0.6378331	 0.7652503	 0.788535	 0.5013368	 0.5004737
Marshall Islands	MHL	2010			 						 0.5647364			
Marshall Islands	MHL	2011			 						 0.5666928			
Marshall Islands	MHL	2012			 						 0.5659888			
Marshall Islands	MHL	2013			 						 0.5648255			
The former Yugoslav Republic of Macedonia	MKD	2010	 0.6064466	 0.7280127	 16.698348806	 0.175	 0.218		 0.842	 0.6418978	 0.7138895	 0.754432	 0.5295657	 0.5582616
The former Yugoslav Republic of Macedonia	MKD	2011	 0.6101874	 0.7299004	 16.401278859	 0.094	 0.175	 0.218	 0.844	 0.6418978	 0.7174513	 0.764664	 0.5295657	 0.561047
The former Yugoslav Republic of Macedonia	MKD	2012	 0.6229622	 0.729984	 14.660841881	 0.094	 0.123	 0.218	 0.847	 0.6418978	 0.7156509	 0.767382	 0.5629444	 0.559639
The former Yugoslav Republic of Macedonia	MKD	2013	0.6328397	 0.7321314	 13.5620054	 0.076	 0.106	 0.218	 0.849	 0.6418978	 0.7199316	 0.784476	 0.5738567	 0.5629865
Mali	MLI	2010	 0.2455882	 0.3979848	 38.292065426	 0.369	 0.254		 0.52	 0.2940698	 0.4123821	 0.25948	 0.1855581	 0.307637
Mali	MLI	2011		 0.4046658	 	 0.463	 0.369		 0.526	 0.3014996	 0.4176269	 0.282462	 0.1902462	
Mali	MLI	2012		 0.4057843	 	 0.463	 0.369		 0.533	 0.3051809	 0.4110452	 0.286221	 0.1925692	
Mali	MLI	2013		 0.4067045	 	 0.456	 0.369		 0.539	 0.3051809	 0.4090043	 0.293216	 0.1925692	
Malta	MLT	2010		 0.820783	 				 0.911	 0.7222799	 0.8402099	 0.859984		
Malta	MLT	2011		 0.8225836	 	 0.051			 0.914	 0.7216473	 0.8440135	 0.867386		
Malta	MLT	2012	 0.7597112	 0.8269945	 8.135882403	 0.051	 0.055	 0.136	 0.917	 0.732538	 0.842431	 0.870233	 0.6922484	 0.7278604
Malta	MLT	2013	0.760066	 0.8289095	 8.305309566	 0.048	 0.057	 0.141	 0.919	 0.732538	 0.8457978	 0.874888	 0.6907833	 0.7265403
Myanmar	MMR	2010		 0.5141025	 				 0.687	 0.3705555	 0.5337155	 0.424566		
Myanmar	MMR	2011		 0.5172058	 	 0.253			 0.69	 0.3705555	 0.5412697	 0.51543		
Myanmar	MMR	2012		 0.5203889	 	 0.253			 0.692	 0.3705555	 0.5492179	 0.516924		
Myanmar	MMR	2013		 0.5235284	 	 0.271	 0.194		 0.695	 0.3705555	 0.5571511	 0.506655	 0.2986678	
Montenegro	MNE	2010	 0.7064068	 0.7837642	 9.869983855	 0.096	 0.126		 0.838	 0.7735556	 0.7424536	 0.776826	 0.6992943	 0.6489045
Montenegro	MNE	2011	 0.7320507	 0.786649	 6.940617734	 0.068	 0.025	 0.113	 0.84	 0.7735556	 0.749046	 0.7828799	 0.7542167	 0.6644038
Montenegro	MNE	2012	 0.7291	 0.7872332	 7.384495471	 0.068	 0.025	 0.126	 0.842	 0.7735556	 0.7492481	 0.784744	 0.7542167	 0.6548429
Montenegro	MNE	2013	0.7324057	 0.7893816	 7.217789216	 0.076	 0.025	 0.113	 0.843	 0.7735556	 0.7539386	 0.778932	 0.7542167	 0.6687435
Mongolia	MNG	2010	 0.5691309	 0.671362	 15.227418293	 0.058	 0.164		 0.72	 0.6825556	 0.6154147	 0.55728	 0.6429673	 0.5144867
Mongolia	MNG	2011	 0.5875831	 0.6820362	 13.848693075	 0.188	 0.058	 0.164	 0.724	 0.6881111	 0.6367918	 0.587888	 0.6482007	 0.532358
Mongolia	MNG	2012	 0.5816324	 0.6920651	 15.956981504	 0.188	 0.089	 0.197	 0.727	 0.6936667	 0.6568568	 0.590324	 0.6319304	 0.527456
Mongolia	MNG	2013	0.6177446	 0.6978805	 11.482753853	 0.166	 0.052	 0.123	 0.731	 0.6936667	 0.6704782	 0.609654	 0.6575961	 0.5880094
Mozambique	MOZ	2010	 0.2077685	 0.3801554	 45.346429381	 0.282	 0.581		 0.449	 0.3728136	 0.3279917	 0.243807	 0.2676802	 0.1374285
Mozambique	MOZ	2011	 0.2728917	 0.383783	 28.894270981	 0.408	 0.182	 0.258	 0.455	 0.3720556	 0.3340973	 0.26936	 0.3043414	 0.2479002
Mozambique	MOZ	2012	 0.2615761	 0.3886047	 32.688384881	 0.408	 0.182	 0.37	 0.46	 0.3720556	 0.3427782	 0.27232	 0.3043414	 0.2159503
Mozambique	MOZ	2013	0.2766616	 0.3925962	 29.530239977	 0.402	 0.182	 0.284	 0.465	 0.3720556	 0.3494768	 0.27807	 0.3043414	 0.2502254
Mauritania	MRT	2010	 0.3076426	 0.4745009	 35.165012332	 0.432	 0.215		 0.632	 0.3383889	 0.4997435	 0.386152	 0.1922049	 0.3922986
Mauritania	MRT	2011	 0.3126654	 0.4754739	 34.241311668	 0.362	 0.432	 0.215	 0.634	 0.3411667	 0.4967583	 0.404492	 0.1937827	 0.3899552
Mauritania	MRT	2012	 0.3175665	 0.484504	 34.455339894	 0.362	 0.421	 0.238	 0.637	 0.3522778	 0.5070198	 0.406406	 0.2039688	 0.3863491
Mauritania	MRT	2013	0.3148865	 0.487082	 35.35246632	 0.366	 0.459	 0.212	 0.639	 0.3522778	 0.5131723	 0.405126	 0.1905823	 0.4043798
Mauritius	MUS	2010		 0.7528237	 				 0.818	 0.6858081	 0.7609439	 0.724748		
Mauritius	MUS	2011	 0.6574665	 0.758689	 13.341764544	 0.098	 0.135	 0.166	 0.82	 0.6958746	 0.7653979	 0.73964	 0.6019316	 0.6383418
Mauritius	MUS	2012	 0.6662581	 0.7689685	 13.356906037	 0.098	 0.135	 0.166	 0.822	 0.7180969	 0.7699879	 0.7414441	 0.6211538	 0.6421699
Mauritius	MUS	2013	0.6617305	 0.7710019	 14.172649899	 0.092	 0.132	 0.198	 0.825	 0.7180969	 0.7737963	 0.7491	 0.6233081	 0.6205846
Malawi	MWI	2010	 0.2754354	 0.4056345	 32.097639624	 0.347	 0.197		 0.516	 0.4341111	 0.2979928	 0.308052	 0.2834746	 0.2392882
Malawi	MWI	2011	 0.2796709	 0.4110648	 31.964279111	 0.399	 0.347	 0.197	 0.526	 0.4396667	 0.3001439	 0.316126	 0.2871023	 0.2410156
Malawi	MWI	2012	 0.2815396	 0.4105977	 31.431763987	 0.399	 0.302	 0.231	 0.535	 0.4396667	 0.2940932	 0.321535	 0.3068873	 0.2261576
Malawi	MWI	2013	0.281892	 0.414021	 31.913598586	 0.4	 0.302	 0.246	 0.543	 0.4396667	 0.2971303	 0.3258	 0.3068873	 0.2240363
Malaysia	MYS	2010		 0.7655045	 		 0.287		 0.838	 0.6705444	 0.7981781	 0.77096		 0.569101
Malaysia	MYS	2011		 0.7683437	 	 0.067			 0.841	 0.6705444	 0.8044786	 0.784653		
Malaysia	MYS	2012		 0.7703251	 	 0.067			 0.844	 0.6705444	 0.8080572	 0.787452		
Malaysia	MYS	2013		 0.772907	 	 0.049			 0.846	 0.6705444	 0.8135245	 0.804546		
Namibia	NAM	2010	 0.3394796	 0.6095796	 44.309225571	 0.278	 0.683		 0.655	 0.5201889	 0.6645004	 0.494525	 0.3755764	 0.2106466
Namibia	NAM	2011	 0.3481641	 0.6158802	 43.468859691	 0.211	 0.278	 0.683	 0.668	 0.5201889	 0.6725758	 0.527052	 0.3755764	 0.2132065
Namibia	NAM	2012	 0.3506027	 0.6203265	 43.480941085	 0.211	 0.278	 0.683	 0.677	 0.5201889	 0.6776766	 0.534153	 0.3755764	 0.2148235
Namibia	NAM	2013	0.3517955	 0.624088	 43.630465575	 0.217	 0.278	 0.683	 0.684	 0.5201889	 0.6828033	 0.535572	 0.3755764	 0.2164486
Niger	NER	2010	 0.2131322	 0.3225179	 33.916164033	 0.313	 0.211		 0.569	 0.1840445	 0.3206026	 0.302708	 0.1264385	 0.2529554
Niger	NER	2011	 0.2158402	 0.3279729	 34.189623594	 0.426	 0.395	 0.179	 0.576	 0.1923778	 0.3182797	 0.330624	 0.1163886	 0.2613077
Niger	NER	2012	 0.2207847	 0.3353767	 34.168145849	 0.426	 0.395	 0.179	 0.584	 0.1979333	 0.3265612	 0.335216	 0.1197497	 0.2681067
Niger	NER	2013	0.2277086	 0.3369976	 32.430201283	 0.379	 0.395	 0.179	 0.591	 0.1979333	 0.3272215	 0.367011	 0.1197497	 0.2686488
Nigeria	NGA	2010	 0.2865429	 0.4919749	 41.75660181	 0.46	 0.251		 0.481	 0.42486	 0.5820947	 0.235209	 0.2294244	 0.4359889
Nigeria	NGA	2011	 0.301049	 0.496219	 39.33142423	 0.438	 0.442	 0.288	 0.488	 0.42486	 0.5893801	 0.274256	 0.2370719	 0.4196387
Nigeria	NGA	2012	 0.2933368	 0.5001968	 41.355722388	 0.438	 0.452	 0.345	 0.494	 0.42486	 0.596168	 0.277628	 0.2328233	 0.39049
Nigeria	NGA	2013	0.3005185	 0.5036361	 40.330230498	 0.408	 0.452	 0.345	 0.5	 0.42486	 0.601249	 0.296	 0.2328233	 0.3938181
Nicaragua	NIC	2010	 0.4557764	 0.6044094	 24.591444144	 0.333	 0.238		 0.828	 0.4839	 0.5508665	 0.698832	 0.3227613	 0.4197603
Nicaragua	NIC	2011	 0.440925	 0.6079356	 27.471758522	 0.139	 0.333	 0.336	 0.834	 0.4839	 0.557026	 0.718074	 0.3227613	 0.3698652
Nicaragua	NIC	2012	 0.4432077	 0.6111134	 27.475375274	 0.139	 0.333	 0.336	 0.839	 0.4839	 0.5623507	 0.722379	 0.3227613	 0.3734009
Nicaragua	NIC	2013	0.4522511	 0.6139872	 26.341933513	 0.132	 0.333	 0.31	 0.844	 0.4839	 0.5669518	 0.732592	 0.3227613	 0.3911968
Netherlands	NLD	2010	 0.8305055	 0.9037554	 8.105058072	 0.04	 0.153		 0.933	 0.86646	 0.9134704	 0.890082	 0.8318016	 0.7737094
Netherlands	NLD	2011	 0.8504742	 0.9143268	 6.983564301	 0.043	 0.039	 0.125	 0.935	 0.8916054	 0.9169715	 0.894795	 0.8568328	 0.80235
Netherlands	NLD	2012	 0.8518655	 0.915156	 6.915815446	 0.043	 0.039	 0.123	 0.937	 0.8935323	 0.9154369	 0.896709	 0.8586845	 0.8028381
Netherlands	NLD	2013	0.8541846	 0.9152828	 6.675335754	 0.039	 0.041	 0.118	 0.939	 0.8935323	 0.913837	 0.902379	 0.8568975	 0.8060042
Norway	NOR	2010	 0.8770437	 0.9393837	 6.636265884	 0.024	 0.131		 0.939	 0.9071444	 0.9727041	 0.90144	 0.8853729	 0.8452799
Norway	NOR	2011	 0.8884853	 0.9408768	 5.568369844	 0.037	 0.022	 0.106	 0.942	 0.9099222	 0.9718356	 0.907146	 0.889904	 0.868821
Norway	NOR	2012	 0.8831456	 0.9430939	 6.35655686	 0.037	 0.022	 0.128	 0.944	 0.9099222	 0.9764252	 0.909072	 0.889904	 0.8514428
Norway	NOR	2013	0.8909411	 0.9435976	 5.580397831	 0.034	 0.024	 0.107	 0.946	 0.9099222	 0.9758279	 0.913836	 0.8880841	 0.8714144
Nepal	NPL	2010	 0.3588603	 0.5268694	 31.888187092	 0.433	 0.264		 0.725	 0.4439778	 0.4544856	 0.548825	 0.2517354	 0.3345014
Nepal	NPL	2011	 0.3504818	 0.532978	 34.240850467	 0.195	 0.436	 0.374	 0.732	 0.4523111	 0.457508	 0.58926	 0.2551035	 0.2864
Nepal	NPL	2012	 0.3529746	 0.5369299	 34.260580385	 0.195	 0.436	 0.374	 0.738	 0.4523111	 0.46354	 0.59409	 0.2551035	 0.2901761
Nepal	NPL	2013	0.3842784	 0.5396416	 28.79007104	 0.211	 0.44	 0.183	 0.745	 0.4523111	 0.4665061	 0.587805	 0.2532942	 0.3811355
Nauru	NRU	2010			 									
Nauru	NRU	2011			 									
Nauru	NRU	2012			 									
Nauru	NRU	2013			 									
New Zealand	NZL	2010		 0.9026448	 				 0.933	 0.9167666	 0.859471	 0.88635		
New Zealand	NZL	2011		 0.9040616	 	 0.052			 0.936	 0.9167666	 0.8612671	 0.887328		
New Zealand	NZL	2012		 0.9084997	 	 0.052			 0.938	 0.9167666	 0.8718206	 0.889224		
New Zealand	NZL	2013		 0.9100016	 	 0.048			 0.94	 0.9167666	 0.874002	 0.89488		
Oman	OMN	2010		 0.7798719	 				 0.857	 0.5963347	 0.9278425			
Oman	OMN	2011		 0.7811011	 	 0.072			 0.862	 0.6032791	 0.916767	 0.799936		
Oman	OMN	2012		 0.7805673	 	 0.072			 0.866	 0.6032791	 0.9103702	 0.803648		
Oman	OMN	2013		 0.7825715	 	 0.07			 0.87	 0.6032791	 0.9131018	 0.8091		
Pakistan	PAK	2010	 0.3602183	 0.5258994	 31.504333338	 0.464	 0.106		 0.709	 0.3591065	 0.5709563	 0.475739	 0.1924811	 0.5104349
Pakistan	PAK	2011	 0.3641266	 0.5306813	 31.385070475	 0.323	 0.464	 0.11	 0.712	 0.3661118	 0.5734824	 0.482024	 0.1962359	 0.5103993
Pakistan	PAK	2012	 0.3699227	 0.5352489	 30.88772345	 0.323	 0.452	 0.11	 0.714	 0.3716674	 0.577725	 0.483378	 0.2036737	 0.5141752
Pakistan	PAK	2013	0.3750888	 0.5365348	 30.090499256	 0.299	 0.452	 0.11	 0.716	 0.3716674	 0.5800245	 0.501916	 0.2036737	 0.5162218
Panama	PAN	2010	 0.5446833	 0.7592953	 28.264629058	 0.099	 0.526		 0.876	 0.6629667	 0.7540836	 0.756864	 0.597333	 0.3574357
Panama	PAN	2011	 0.5706698	 0.7569496	 24.609273854	 0.124	 0.178	 0.405	 0.879	 0.6574111	 0.750647	 0.770004	 0.5403919	 0.446635
Panama	PAN	2012	 0.5739916	 0.7614444	 24.618054844	 0.124	 0.178	 0.405	 0.882	 0.6574111	 0.7612339	 0.772632	 0.5403919	 0.4529341
Panama	PAN	2013	0.5959441	 0.7653623	 22.135686589	 0.121	 0.163	 0.358	 0.885	 0.6574111	 0.7701706	 0.777915	 0.5502531	 0.4944495
Peru	PER	2010	 0.5008199	 0.7219747	 30.631932116	 0.302	 0.427		 0.829	 0.6560419	 0.6916116	 0.692215	 0.4579172	 0.3962934
Peru	PER	2011	 0.5587045	 0.7273707	 23.188478722	 0.148	 0.24	 0.3	 0.834	 0.6601899	 0.6988121	 0.710568	 0.5017443	 0.4891684
Peru	PER	2012	 0.5553754	 0.7337056	 24.305416232	 0.148	 0.246	 0.325	 0.839	 0.6643379	 0.7087518	 0.714828	 0.5009108	 0.4784075
Peru	PER	2013	0.5622321	 0.7368045	 23.69317777	 0.139	 0.256	 0.306	 0.843	 0.6643379	 0.7138298	 0.725823	 0.4942674	 0.4953979
Philippines	PHL	2010	 0.5276213	 0.650624	 18.905343178	 0.129	 0.28		 0.742	 0.609984	 0.6088005	 0.6307	 0.5312961	 0.4383364
Philippines	PHL	2011	 0.5222869	 0.6522915	 19.930445207	 0.152	 0.135	 0.3	 0.744	 0.609984	 0.6114008	 0.630912	 0.5276362	 0.4279805
Philippines	PHL	2012	 0.5254192	 0.6560726	 19.91447288	 0.152	 0.135	 0.3	 0.747	 0.609984	 0.6199672	 0.633456	 0.5276362	 0.433977
Philippines	PHL	2013	0.5398935	 0.6595643	 18.143917128	 0.152	 0.135	 0.252	 0.749	 0.609984	 0.6277844	 0.635152	 0.5276362	 0.4695827
Palau	PLW	2010		 0.7682751	 				 0.793	 0.78676	 0.7272706			
Palau	PLW	2011		 0.769808	 				 0.797	 0.78676	 0.7272282			
Palau	PLW	2012		 0.773275	 				 0.802	 0.78676	 0.7328699			
Palau	PLW	2013		 0.7748055	 		 0.12	 0.23	 0.806	 0.78676	 0.7331932		 0.6923488	 0.5645588
Papua New Guinea	PNG	2010		 0.4793427	 				 0.646	 0.3699863	 0.4607643	 0.46189		
Papua New Guinea	PNG	2011		 0.4843853	 	 0.252			 0.648	 0.3763111	 0.4657378	 0.484704		
Papua New Guinea	PNG	2012		 0.4899232	 	 0.252			 0.651	 0.3763111	 0.4803228	 0.486948		
Papua New Guinea	PNG	2013		 0.4914684	 	 0.265	 0.115		 0.653	 0.3763111	 0.4833616	 0.479955	 0.3330353	
Poland	POL	2010	 0.7365497	 0.8258098	 10.808796408	 0.071	 0.184		 0.86	 0.8170202	 0.8014812	 0.80496	 0.7590117	 0.6540086
Poland	POL	2011	 0.7497405	 0.8301158	 9.682420212	 0.058	 0.066	 0.163	 0.863	 0.8225535	 0.8061849	 0.812946	 0.7682649	 0.6747768
Poland	POL	2012	 0.7501909	 0.8325804	 9.895680946	 0.058	 0.063	 0.171	 0.865	 0.8246999	 0.808832	 0.81483	 0.7727438	 0.6705217
Poland	POL	2013	0.751483	 0.8342177	 9.917639005	 0.057	 0.056	 0.179	 0.868	 0.8246999	 0.8111756	 0.818524	 0.7785168	 0.6659752
Korea (Democratic People's Republic of)	PRK	2010			 				 0.756					
Korea (Democratic People's Republic of)	PRK	2011			 				 0.76					
Korea (Democratic People's Republic of)	PRK	2012			 				 0.765					
Korea (Democratic People's Republic of)	PRK	2013			 				 0.769					
Portugal	PRT	2010	 0.7185465	 0.8159007	 11.932113798	 0.057	 0.239		 0.912	 0.712815	 0.8353329	 0.868224	 0.6721846	 0.6356883
Portugal	PRT	2011	 0.735819	 0.8191544	 10.17334461	 0.049	 0.056	 0.193	 0.916	 0.7203697	 0.8333665	 0.871116	 0.680029	 0.6725267
Portugal	PRT	2012	 0.7337492	 0.8220808	 10.744880552	 0.049	 0.056	 0.208	 0.919	 0.7276146	 0.8308992	 0.873969	 0.6868682	 0.6580722
Portugal	PRT	2013	0.738979	 0.8223295	 10.135900512	 0.039	 0.057	 0.199	 0.922	 0.7276146	 0.8286983	 0.886042	 0.6861406	 0.6637874
Paraguay	PRY	2010	 0.5038003	 0.668666	 24.65591192	 0.198	 0.334		 0.8	 0.5873222	 0.6361033	 0.6408	 0.4710324	 0.4236448
Paraguay	PRY	2011	 0.5106457	 0.6717409	 23.981746534	 0.178	 0.198	 0.334	 0.802	 0.5873222	 0.6438547	 0.659244	 0.4710324	 0.4288072
Paraguay	PRY	2012		 0.670019	 	 0.178		 0.334	 0.803	 0.5873222	 0.6379488	 0.6600659		 0.4248739
Paraguay	PRY	2013	0.5130904	 0.6758515	 24.082376084	 0.192	 0.172	 0.346	 0.804	 0.5873222	 0.653777	 0.649632	 0.4863028	 0.4275702
Palestine (State of)	PSE	2010		 0.6713125	 				 0.81	 0.6518198	 0.5731181			
Palestine (State of)	PSE	2011		 0.6785955	 	 0.131			 0.813	 0.6561717	 0.5859444	 0.706497		
Palestine (State of)	PSE	2012		 0.6831405	 	 0.131			 0.816	 0.6624766	 0.5899967	 0.709104		
Palestine (State of)	PSE	2013	0.6058204	 0.6862158	 11.715760552	 0.131	 0.069	 0.15	 0.819	 0.6624766	 0.5959212	 0.711711	 0.6167657	 0.506533
Qatar	QAT	2010		 0.8465446	 				 0.892	 0.6803651	 1.0	 0.825992		
Qatar	QAT	2011		 0.8434772	 	 0.072			 0.894	 0.6714321	 1.0	 0.829632		
Qatar	QAT	2012		 0.8500717	 	 0.072			 0.896	 0.6856868	 1.0	 0.831488		
Qatar	QAT	2013		 0.8507427	 	 0.06			 0.898	 0.6856868	 1.0	 0.84412		
Romania	ROU	2010	 0.6853681	 0.7793666	 12.0608838	 0.131	 0.122		 0.823	 0.7469292	 0.7703719	 0.733293	 0.6490815	 0.6763865
Romania	ROU	2011	 0.6834049	 0.7816232	 12.565939701	 0.096	 0.05	 0.222	 0.825	 0.7478943	 0.774227	 0.7458	 0.7104996	 0.6023486
Romania	ROU	2012	 0.6836311	 0.78212	 12.592556129	 0.096	 0.05	 0.222	 0.826	 0.7478943	 0.7740579	 0.746704	 0.7104996	 0.602217
Romania	ROU	2013	0.7019722	 0.7845275	 10.522932593	 0.088	 0.05	 0.173	 0.828	 0.7478943	 0.7795882	 0.755136	 0.7104996	 0.6447194
Russian Federation	RUS	2010	 0.683892	 0.7729301	 11.519553967	 0.112	 0.119		 0.733	 0.7799556	 0.808084	 0.648705	 0.6926005	 0.711922
Russian Federation	RUS	2011	 0.6877819	 0.775353	 11.294352379	 0.108	 0.112	 0.119	 0.735	 0.7799556	 0.8132823	 0.65562	 0.6926005	 0.7165017
Russian Federation	RUS	2012		 0.7771	 	 0.108		 0.119	 0.737	 0.7799556	 0.8169104	 0.657404		 0.7196981
Russian Federation	RUS	2013	0.6846511	 0.7783028	 12.032810366	 0.098	 0.021	 0.229	 0.738	 0.7799556	 0.8189136	 0.665676	 0.7635765	 0.6313824
Rwanda	RWA	2010	 0.2850236	 0.4527238	 37.042496993	 0.307	 0.315		 0.65	 0.3753889	 0.3800477	 0.3419	 0.2601445	 0.2603327
Rwanda	RWA	2011	 0.2977221	 0.4627621	 35.664113375	 0.413	 0.307	 0.345	 0.661	 0.3865	 0.3876766	 0.388007	 0.2678445	 0.2539282
Rwanda	RWA	2012	 0.3319688	 0.5020046	 33.871362932	 0.413	 0.294	 0.302	 0.67	 0.4781667	 0.3947656	 0.39329	 0.3375857	 0.2755464
Rwanda	RWA	2013	0.3376693	 0.5057231	 33.230398216	 0.302	 0.294	 0.396	 0.678	 0.4781667	 0.3989963	 0.473244	 0.3375857	 0.2409937
Saudi Arabia	SAU	2010		 0.8145248	 				 0.844	 0.6878503	 0.9313185	 0.736812		
Saudi Arabia	SAU	2011		 0.8252366	 	 0.115			 0.847	 0.7070323	 0.9385728	 0.749595		
Saudi Arabia	SAU	2012		 0.8330239	 	 0.115			 0.85	 0.7206588	 0.9434389	 0.75225		
Saudi Arabia	SAU	2013		 0.8355307	 	 0.087			 0.854	 0.7231741	 0.944994	 0.7797019		
Sudan	SDN	2010		 0.4632017	 				 0.638	 0.3059556	 0.5088876	 0.39237		
Sudan	SDN	2011		 0.4684278	 	 0.33			 0.641	 0.3059556	 0.5237701	 0.42947		
Sudan	SDN	2012		 0.4718018	 	 0.33			 0.644	 0.3059556	 0.5328179	 0.43148		
Sudan	SDN	2013		 0.4728027	 	 0.328			 0.647	 0.3059556	 0.5339213	 0.434784		
Senegal	SEN	2010	 0.3073562	 0.4812641	 36.135647766	 0.473	 0.211		 0.661	 0.3636445	 0.4640722	 0.413786	 0.1916406	 0.366153
Senegal	SEN	2011	 0.3198175	 0.4833536	 33.833636493	 0.307	 0.451	 0.239	 0.664	 0.3678111	 0.4626188	 0.460152	 0.2019283	 0.3520529
Senegal	SEN	2012	 0.3244389	 0.4841501	 32.987951464	 0.307	 0.446	 0.216	 0.666	 0.3678111	 0.4631703	 0.461538	 0.2037674	 0.3631256
Senegal	SEN	2013	0.3254719	 0.4852781	 32.930849342	 0.295	 0.446	 0.227	 0.668	 0.3678111	 0.4647942	 0.47094	 0.2037674	 0.359286
Singapore	SGP	2010		 0.8936201	 				 0.951	 0.7588889	 0.9892129	 0.914862		
Singapore	SGP	2011		 0.8957517	 	 0.029			 0.954	 0.7588889	 0.9932064	 0.926334		
Singapore	SGP	2012		 0.8959324	 	 0.029			 0.956	 0.7588889	 0.9910256	 0.9282759		
Singapore	SGP	2013		 0.9013059	 	 0.028			 0.959	 0.7677778	 0.9946104	 0.932148		
Solomon Islands	SLB	2010		 0.4887697	 	 0.302			 0.723	 0.4054988	 0.3980058	 0.540804	 0.2830382	
Solomon Islands	SLB	2011		 0.4940427	 	 0.207			 0.727	 0.4054988	 0.409078	 0.576511		
Solomon Islands	SLB	2012		 0.4894738	 	 0.207			 0.73	 0.4054988	 0.3960397	 0.57889		
Solomon Islands	SLB	2013	0.3736393	 0.4905783	 23.836969552	 0.223	 0.228	 0.263	 0.733	 0.4054988	 0.3969704	 0.569541	 0.3130451	 0.2925672
Sierra Leone	SLE	2010	 0.2144847	 0.3534181	 39.311342571	 0.482	 0.222		 0.382	 0.296	 0.3901501	 0.21201	 0.153328	 0.3035368
Sierra Leone	SLE	2011	 0.2100456	 0.360154	 41.67894845	 0.453	 0.474	 0.31	 0.386	 0.3045	 0.3971404	 0.211142	 0.160167	 0.2740269
Sierra Leone	SLE	2012	 0.2144255	 0.3675084	 41.654258787	 0.453	 0.474	 0.31	 0.39	 0.3045	 0.4181725	 0.21333	 0.160167	 0.2885391
Sierra Leone	SLE	2013	0.2084028	 0.3742819	 44.319295162	 0.512	 0.487	 0.31	 0.393	 0.3045	 0.4378693	 0.191784	 0.1562085	 0.3021298
El Salvador	SLV	2010	 0.4721483	 0.6522858	 27.616345473	 0.325	 0.327		 0.798	 0.540887	 0.6428661	 0.66633	 0.3650987	 0.4326489
El Salvador	SLV	2011	 0.4819083	 0.6567742	 26.624964866	 0.152	 0.324	 0.311	 0.802	 0.5477742	 0.6449938	 0.680096	 0.3702953	 0.4444008
El Salvador	SLV	2012	 0.4843333	 0.6599994	 26.616099954	 0.152	 0.324	 0.311	 0.806	 0.5532619	 0.6450679	 0.683488	 0.374005	 0.4444518
El Salvador	SLV	2013	0.4849364	 0.6616091	 26.703486999	 0.145	 0.302	 0.34	 0.809	 0.5532619	 0.6468589	 0.691695	 0.3861768	 0.4269269
San Marino	SMR	2010			 									
San Marino	SMR	2011			 									
San Marino	SMR	2012			 									
San Marino	SMR	2013			 									
Somalia	SOM	2010			 				 0.524					
Somalia	SOM	2011			 				 0.529					
Somalia	SOM	2012			 				 0.534					
Somalia	SOM	2013			 				 0.539					
Serbia	SRB	2010	 0.662895	 0.7428956	 10.768754048	 0.111	 0.122		 0.826	 0.6954445	 0.7139274	 0.75166	 0.6182501	 0.6268283
Serbia	SRB	2011	 0.6735495	 0.7442321	 9.497386635	 0.083	 0.099	 0.103	 0.828	 0.6954445	 0.7160267	 0.759276	 0.6265954	 0.642276
Serbia	SRB	2012	 0.6723353	 0.7428722	 9.495159463	 0.083	 0.099	 0.103	 0.83	 0.6954445	 0.7104453	 0.76111	 0.6265954	 0.6372694
Serbia	SRB	2013	0.6634579	 0.7447222	 10.912028673	 0.085	 0.107	 0.135	 0.832	 0.6954445	 0.7141111	 0.76128	 0.6210319	 0.6177061
South Sudan	SSD	2010			 				 0.515		 0.472511			
South Sudan	SSD	2011			 				 0.524		 0.5086572			
South Sudan	SSD	2012			 				 0.533		 0.3780065			
South Sudan	SSD	2013			 				 0.543		 0.403944			
Sao Tome and Principe	STP	2010		 0.5428067	 	 0.227			 0.707	 0.4552769	 0.4971381	 0.463792	 0.351929	
Sao Tome and Principe	STP	2011	 0.3756252	 0.5483379	 31.497494519	 0.288	 0.191	 0.442	 0.709	 0.4622214	 0.5031589	 0.504808	 0.3739371	 0.2807627
Sao Tome and Principe	STP	2012	 0.3797106	 0.5563808	 31.753468128	 0.288	 0.2	 0.442	 0.711	 0.4691658	 0.5163665	 0.506232	 0.3753327	 0.2881325
Sao Tome and Principe	STP	2013	0.3841277	 0.5579177	 31.1497556	 0.269	 0.2	 0.442	 0.713	 0.4691658	 0.5192416	 0.521203	 0.3753327	 0.2897368
Suriname	SUR	2010	 0.5283163	 0.6981792	 24.32941285	 0.201	 0.349		 0.774	 0.5883803	 0.7473263	 0.644742	 0.4701158	 0.4865094
Suriname	SUR	2011	 0.5337765	 0.7006145	 23.813095504	 0.15	 0.201	 0.349	 0.778	 0.5883803	 0.7514395	 0.6613	 0.4701158	 0.4891871
Suriname	SUR	2012	 0.5404438	 0.7020827	 23.022772104	 0.15	 0.201	 0.328	 0.781	 0.5883803	 0.7526752	 0.66385	 0.4701158	 0.5057977
Suriname	SUR	2013	0.5344756	 0.7047771	 24.163881034	 0.136	 0.195	 0.373	 0.785	 0.5883803	 0.7580166	 0.67824	 0.4736461	 0.4752764
Slovakia	SVK	2010	 0.7701004	 0.8257546	 6.739798967	 0.017	 0.117		 0.846	 0.8048778	 0.8264486	 0.79101	 0.7911949	 0.7297541
Slovakia	SVK	2011	 0.7800063	 0.8271952	 5.704687358	 0.057	 0.016	 0.096	 0.848	 0.8021	 0.8317538	 0.799664	 0.7892664	 0.7519054
Slovakia	SVK	2012	 0.7769139	 0.8288451	 6.265489173	 0.057	 0.015	 0.113	 0.85	 0.8021	 0.8348332	 0.80155	 0.7900685	 0.7404971
Slovakia	SVK	2013	0.7775947	 0.8298773	 6.300039777	 0.056	 0.015	 0.115	 0.852	 0.8021	 0.8360654	 0.804288	 0.7900685	 0.7399179
Slovenia	SVN	2010	 0.813163	 0.8734215	 6.899131748	 0.04	 0.122		 0.91	 0.8640894	 0.8477253	 0.87087	 0.8295258	 0.7443028
Slovenia	SVN	2011	 0.8282008	 0.8742713	 5.269588513	 0.041	 0.031	 0.085	 0.912	 0.8618586	 0.8499874	 0.874608	 0.835141	 0.7777385
Slovenia	SVN	2012	 0.8235583	 0.8742365	 5.796852454	 0.041	 0.033	 0.099	 0.915	 0.8630833	 0.8465241	 0.877485	 0.8346016	 0.7627183
Slovenia	SVN	2013	0.8239471	 0.8742928	 5.758448428	 0.038	 0.027	 0.106	 0.917	 0.8630833	 0.8445991	 0.882154	 0.83978	 0.7550716
Sweden	SWE	2010	 0.8337498	 0.8952904	 6.873814351	 0.036	 0.13		 0.945	 0.8329118	 0.911704	 0.910035	 0.802927	 0.7931825
Sweden	SWE	2011	 0.843219	 0.8959932	 5.89002238	 0.033	 0.039	 0.103	 0.947	 0.830134	 0.9149149	 0.915749	 0.7977588	 0.8206787
Sweden	SWE	2012	 0.8414896	 0.8968551	 6.173293768	 0.033	 0.038	 0.112	 0.949	 0.830134	 0.9156241	 0.917683	 0.7985889	 0.8130742
Sweden	SWE	2013	0.8397494	 0.8978183	 6.467778614	 0.031	 0.036	 0.124	 0.951	 0.830134	 0.9166752	 0.921519	 0.8002492	 0.8030075
Swaziland	SWZ	2010	 0.3388673	 0.5270887	 35.709625344	 0.383	 0.323		 0.437	 0.5468444	 0.6129329	 0.277932	 0.337403	 0.4149556
Swaziland	SWZ	2011	 0.3424212	 0.5299267	 35.383289802	 0.35	 0.298	 0.409	 0.442	 0.5512889	 0.6110019	 0.2873	 0.3870048	 0.3611021
Swaziland	SWZ	2012	 0.3418743	 0.5290686	 35.381857854	 0.35	 0.298	 0.409	 0.445	 0.5512889	 0.6039793	 0.28925	 0.3870048	 0.3569518
Swaziland	SWZ	2013	0.3537341	 0.5303027	 33.295813881	 0.35	 0.268	 0.376	 0.446	 0.5512889	 0.6063281	 0.2899	 0.4035435	 0.3783487
Seychelles	SYC	2010		 0.7629128	 				 0.811	 0.6775956	 0.8079026			
Seychelles	SYC	2011		 0.7489884	 				 0.813	 0.6359289	 0.812339			
Seychelles	SYC	2012		 0.7545879	 				 0.816	 0.6359289	 0.8282508			
Seychelles	SYC	2013		 0.7564399	 	 0.079			 0.818	 0.6359289	 0.8318072	 0.753378		
Syrian Arab Republic	SYR	2010	 0.5247087	 0.6622993	 20.774686007	 0.315	 0.183		 0.841	 0.547636	 0.6304525	 0.747649	 0.3751307	 0.5150797
Syrian Arab Republic	SYR	2011	 0.5267298	 0.6619973	 20.433240438	 0.1	 0.315	 0.183	 0.84	 0.5531916	 0.6243867	 0.756	 0.3789363	 0.5101239
Syrian Arab Republic	SYR	2012	 0.5263352	 0.6615377	 20.437610736	 0.1	 0.315	 0.183	 0.839	 0.5531916	 0.6237269	 0.7551	 0.3789363	 0.5095849
Syrian Arab Republic	SYR	2013	0.5180997	 0.6576374	 21.218029875	 0.126	 0.315	 0.183	 0.839	 0.5531916	 0.6126022	 0.733286	 0.3789363	 0.500496
Chad	TCD	2010	 0.2120278	 0.3491406	 39.271514112	 0.378	 0.208		 0.458	 0.2364075	 0.3927575	 0.20839	 0.1470454	 0.3110639
Chad	TCD	2011	 0.21868	 0.3651174	 40.106935468	 0.52	 0.434	 0.21	 0.466	 0.2558519	 0.4086652	 0.22368	 0.1448122	 0.3228455
Chad	TCD	2012	 0.2216419	 0.3701048	 40.113746161	 0.52	 0.434	 0.21	 0.473	 0.2558519	 0.4191999	 0.22704	 0.1448122	 0.3311679
Chad	TCD	2013	0.2318101	 0.3724243	 37.756451445	 0.461	 0.434	 0.21	 0.48	 0.2558519	 0.4208573	 0.25872	 0.1448122	 0.3324772
Togo	TGO	2010	 0.308997	 0.4604962	 32.899120557	 0.415	 0.2		 0.546	 0.5005333	 0.3570746	 0.352716	 0.292812	 0.2856597
Togo	TGO	2011	 0.3108763	 0.4674633	 33.497175072	 0.372	 0.415	 0.2	 0.552	 0.5144222	 0.3599968	 0.346656	 0.300937	 0.2879975
Togo	TGO	2012	 0.3123233	 0.4697223	 33.508947734	 0.372	 0.415	 0.2	 0.557	 0.5144222	 0.3617702	 0.349796	 0.300937	 0.2894161
Togo	TGO	2013	0.3172568	 0.4730616	 32.935414754	 0.368	 0.376	 0.235	 0.562	 0.5144222	 0.3661118	 0.355184	 0.3209995	 0.2800756
Thailand	THA	2010	 0.563713	 0.7152787	 21.189740447	 0.18	 0.34		 0.828	 0.6079653	 0.7265385	 0.74934	 0.4985315	 0.4795154
Thailand	THA	2011	 0.5633677	 0.7164225	 21.363762305	 0.101	 0.18	 0.34	 0.831	 0.6079653	 0.7274089	 0.7470689	 0.4985315	 0.4800899
Thailand	THA	2012	 0.5662348	 0.7199972	 21.35597194	 0.101	 0.18	 0.34	 0.834	 0.6079653	 0.7359147	 0.749766	 0.4985315	 0.4857037
Thailand	THA	2013	0.5728056	 0.7219257	 20.65587913	 0.098	 0.161	 0.34	 0.837	 0.6079653	 0.7394438	 0.754974	 0.5100829	 0.4880329
Tajikistan	TJK	2010	 0.4817672	 0.5956299	 19.116350606	 0.094	 0.153		 0.72	 0.6394445	 0.4586863	 0.4968	 0.5793367	 0.3885073
Tajikistan	TJK	2011	 0.4940223	 0.5997846	 17.633380384	 0.272	 0.094	 0.153	 0.723	 0.6394445	 0.4668266	 0.526344	 0.5793367	 0.3954021
Tajikistan	TJK	2012	 0.4923835	 0.6033931	 18.397558739	 0.272	 0.122	 0.15	 0.725	 0.6394445	 0.4739414	 0.5278	 0.5614322	 0.4028502
Tajikistan	TJK	2013	0.4906623	 0.6071793	 19.18988345	 0.293	 0.122	 0.15	 0.727	 0.6394445	 0.4815906	 0.513989	 0.5614322	 0.409352
Turkmenistan	TKM	2010	 0.5054413	 0.68661	 26.385968745	 0.102	 0.387		 0.692	 0.6787129	 0.6888826	 0.5017	 0.6094842	 0.4222851
Turkmenistan	TKM	2011		 0.6898714	 	 0.267			 0.695	 0.6787129	 0.6964706	 0.509435		
Turkmenistan	TKM	2012		 0.6934453	 	 0.267			 0.697	 0.6787129	 0.7049775	 0.510901		
Turkmenistan	TKM	2013		 0.6982088	 	 0.26			 0.699	 0.6787129	 0.7171835	 0.51726		
Timor-Leste	TLS	2010	 0.4036062	 0.6058118	 33.377626517	 0.443	 0.192		 0.707	 0.4724067	 0.6657422	 0.464499	 0.2631305	 0.5379197
Timor-Leste	TLS	2011	 0.4067375	 0.6064951	 32.936391407	 0.302	 0.474	 0.178	 0.715	 0.4724067	 0.6600969	 0.49907	 0.2484859	 0.5425996
Timor-Leste	TLS	2012	 0.4125403	 0.6156925	 32.995724327	 0.302	 0.476	 0.178	 0.724	 0.4724067	 0.6827885	 0.505352	 0.2475411	 0.5612521
Timor-Leste	TLS	2013	0.429634	 0.620243	 30.731342393	 0.228	 0.476	 0.178	 0.731	 0.4724067	 0.6906247	 0.564332	 0.2475411	 0.5676935
Tonga	TON	2010		 0.7006233	 	 0.051			 0.803	 0.7203333	 0.5944129	 0.686565	 0.6835963	
Tonga	TON	2011		 0.7023883	 	 0.138			 0.806	 0.7203333	 0.5971779	 0.694772		
Tonga	TON	2012		 0.703824	 	 0.138			 0.808	 0.7203333	 0.5990741	 0.696496		
Tonga	TON	2013		 0.7049592	 	 0.137			 0.81	 0.7203333	 0.6001831	 0.69903		
Trinidad and Tobago	TTO	2010	 0.6449049	 0.7636508	 15.549764369	 0.066	 0.219		 0.762	 0.7003207	 0.8341749	 0.629412	 0.6540995	 0.6514906
Trinidad and Tobago	TTO	2011	 0.6474978	 0.7641434	 15.264883528	 0.166	 0.066	 0.219	 0.764	 0.7003207	 0.8339895	 0.637176	 0.6540995	 0.6513458
Trinidad and Tobago	TTO	2012	 0.648148	 0.7647777	 15.250143931	 0.166	 0.066	 0.219	 0.766	 0.7003207	 0.8343204	 0.638844	 0.6540995	 0.6516042
Trinidad and Tobago	TTO	2013	0.6493829	 0.7658232	 15.204592914	 0.164	 0.066	 0.219	 0.767	 0.7003207	 0.8359997	 0.641212	 0.6540995	 0.6529158
Tunisia	TUN	2010	 0.5349752	 0.7153371	 25.213553163	 0.387	 0.218		 0.848	 0.6186778	 0.6973634	 0.740304	 0.3792495	 0.5453382
Tunisia	TUN	2011	 0.5356959	 0.715945	 25.176389248	 0.126	 0.387	 0.218	 0.852	 0.6214556	 0.6929893	 0.744648	 0.3809523	 0.5419177
Tunisia	TUN	2012		 0.7194265	 	 0.126			 0.856	 0.6214556	 0.7000641	 0.748144		
Tunisia	TUN	2013		 0.7211744	 	 0.106			 0.86	 0.6214556	 0.7021374	 0.76884		
Turkey	TUR	2010	 0.5640255	 0.7384582	 23.621201579	 0.274	 0.265		 0.835	 0.6246544	 0.7720751	 0.697225	 0.4534991	 0.5674752
Turkey	TUR	2011	 0.5830318	 0.7524356	 22.514059675	 0.128	 0.274	 0.265	 0.84	 0.6477013	 0.7828568	 0.73248	 0.4702311	 0.5753998
Turkey	TUR	2012	 0.5858978	 0.7561524	 22.515910814	 0.128	 0.274	 0.265	 0.845	 0.6520237	 0.784522	 0.73684	 0.4733692	 0.5766237
Turkey	TUR	2013	0.6390573	 0.7586359	 15.762317602	 0.11	 0.141	 0.218	 0.85	 0.6520237	 0.7876753	 0.7565	 0.5600883	 0.6159621
Tuvalu	TUV	2010			 						 0.6147053			
Tuvalu	TUV	2011			 						 0.5946224			
Tuvalu	TUV	2012			 						 0.5943865			
Tuvalu	TUV	2013			 						 0.5954132			
Tanzania (United Republic of)	TZA	2010	 0.332458	 0.4643852	 28.409001837	 0.287	 0.176		 0.603	 0.4032698	 0.4115292	 0.376875	 0.2875314	 0.3391001
Tanzania (United Republic of)	TZA	2011	 0.340562	 0.4784726	 28.823092482	 0.324	 0.328	 0.206	 0.617	 0.4258889	 0.4167452	 0.417092	 0.2861973	 0.3308957
Tanzania (United Republic of)	TZA	2012	 0.3513911	 0.4837006	 27.353594352	 0.324	 0.283	 0.209	 0.629	 0.4258889	 0.4224573	 0.425204	 0.3053623	 0.3341638
Tanzania (United Republic of)	TZA	2013	0.3562815	 0.4884096	 27.052723779	 0.304	 0.295	 0.209	 0.639	 0.4258889	 0.4281615	 0.444744	 0.3002517	 0.3386758
Uganda	UGA	2010	 0.3208498	 0.4724085	 32.082128073	 0.282	 0.264		 0.574	 0.4786437	 0.3836403	 0.340382	 0.3436662	 0.2823592
Uganda	UGA	2011	 0.3169074	 0.4773287	 33.60814047	 0.391	 0.322	 0.291	 0.585	 0.4786437	 0.3882719	 0.356265	 0.3245204	 0.2752847
Uganda	UGA	2012	 0.3185045	 0.4796506	 33.596559662	 0.391	 0.322	 0.291	 0.595	 0.4786437	 0.3875468	 0.362355	 0.3245204	 0.2747707
Uganda	UGA	2013	0.3344569	 0.4835019	 30.826145668	 0.338	 0.312	 0.273	 0.603	 0.4786437	 0.3914803	 0.399186	 0.3293068	 0.2846062
Ukraine	UKR	2010	 0.666503	 0.7256877	 8.155670821	 0.028	 0.104		 0.741	 0.7844	 0.6571828	 0.65949	 0.7624368	 0.5888358
Ukraine	UKR	2011	 0.663249	 0.7304197	 9.196178581	 0.105	 0.061	 0.109	 0.743	 0.7899556	 0.6638531	 0.664985	 0.7417682	 0.5914931
Ukraine	UKR	2012	 0.6659741	 0.733335	 9.185556396	 0.105	 0.061	 0.109	 0.745	 0.7955111	 0.6655846	 0.666775	 0.746985	 0.5930359
Ukraine	UKR	2013	0.6669323	 0.734021	 9.139888368	 0.104	 0.061	 0.109	 0.747	 0.7955111	 0.6659276	 0.669312	 0.746985	 0.5933415
Uruguay	URY	2010	 0.6534981	 0.778613	 16.068945676	 0.108	 0.263		 0.874	 0.7073303	 0.7638484	 0.785726	 0.6309386	 0.5629563
Uruguay	URY	2011	 0.6549301	 0.7834659	 16.40604907	 0.093	 0.108	 0.278	 0.876	 0.7097629	 0.773496	 0.794532	 0.6331086	 0.5584641
Uruguay	URY	2012	 0.6576254	 0.7871272	 16.452461559	 0.093	 0.108	 0.279	 0.878	 0.7122625	 0.7796392	 0.796346	 0.6353381	 0.5621198
Uruguay	URY	2013	0.6621485	 0.78971	 16.152954882	 0.092	 0.109	 0.271	 0.88	 0.7122625	 0.7853304	 0.79904	 0.6346259	 0.5725059
United States	USA	2010	 0.8048603	 0.9082031	 11.378820442	 0.032	 0.235		 0.9	 0.8869814	 0.9382961	 0.846	 0.858598	 0.7177965
United States	USA	2011	 0.7715808	 0.910893	 15.294024655	 0.066	 0.037	 0.324	 0.902	 0.8897592	 0.9413372	 0.842468	 0.8568381	 0.636344
United States	USA	2012	 0.7990671	 0.912434	 12.424668524	 0.066	 0.053	 0.241	 0.905	 0.8897592	 0.9438221	 0.84527	 0.842602	 0.716361
United States	USA	2013	0.7548279	 0.9137416	 17.391536075	 0.062	 0.067	 0.356	 0.907	 0.8897592	 0.9455699	 0.850766	 0.8301453	 0.608947
Uzbekistan	UZB	2010	 0.5467487	 0.6484385	 15.682258225	 0.014	 0.179		 0.736	 0.6511111	 0.5685806	 0.545376	 0.6419955	 0.4668047
Uzbekistan	UZB	2011	 0.5541624	 0.652531	 15.074931306	 0.243	 0.014	 0.179	 0.738	 0.6511111	 0.5779414	 0.558666	 0.6419955	 0.4744899
Uzbekistan	UZB	2012	 0.5529964	 0.6570528	 15.836839901	 0.243	 0.014	 0.201	 0.74	 0.6511111	 0.588519	 0.56018	 0.6419955	 0.4702267
Uzbekistan	UZB	2013	0.5563422	 0.6610007	 15.83334178	 0.243	 0.014	 0.201	 0.742	 0.6511111	 0.5976509	 0.561694	 0.6419955	 0.4775231
Saint Vincent and the Grenadines	VCT	2010		 0.7170928	 				 0.803	 0.656834	 0.6994064			
Saint Vincent and the Grenadines	VCT	2011		 0.7152019	 	 0.14			 0.804	 0.656834	 0.6923753	 0.69144		
Saint Vincent and the Grenadines	VCT	2012		 0.7174664	 	 0.14			 0.806	 0.656834	 0.6976254	 0.69316		
Saint Vincent and the Grenadines	VCT	2013		 0.7189621	 	 0.129			 0.808	 0.656834	 0.7006736	 0.703768		
Venezuela (Bolivarian Republic of)	VEN	2010	 0.5982586	 0.7592608	 21.205124774	 0.17	 0.32		 0.833	 0.6824826	 0.7697045	 0.722211	 0.5664605	 0.5233991
Venezuela (Bolivarian Republic of)	VEN	2011	 0.5588315	 0.7607657	 26.54354685	 0.122	 0.181	 0.449	 0.836	 0.6824826	 0.7719954	 0.734008	 0.5589532	 0.4253695
Venezuela (Bolivarian Republic of)	VEN	2012	 0.5605443	 0.7632238	 26.555710134	 0.122	 0.181	 0.449	 0.838	 0.6824826	 0.7772564	 0.735764	 0.5589532	 0.4282683
Venezuela (Bolivarian Republic of)	VEN	2013	0.6134315	 0.7636653	 19.672728354	 0.122	 0.176	 0.284	 0.841	 0.6824826	 0.7763826	 0.738398	 0.5623657	 0.5558899
Vietnam	VNM	2010	 0.5248507	 0.6276418	 16.377350903	 0.171	 0.182		 0.854	 0.5093222	 0.5686455	 0.736148	 0.4222281	 0.465152
Vietnam	VNM	2011	 0.5438923	 0.6324316	 13.999822273	 0.134	 0.171	 0.114	 0.856	 0.5134889	 0.5754769	 0.741296	 0.4256823	 0.5098726
Vietnam	VNM	2012	 0.5461282	 0.6351148	 14.011104764	 0.134	 0.171	 0.114	 0.858	 0.5134889	 0.5812452	 0.743028	 0.4256823	 0.5149833
Vietnam	VNM	2013	0.5427967	 0.6380165	 14.924347568	 0.121	 0.18	 0.146	 0.861	 0.5134889	 0.5876474	 0.756819	 0.4210609	 0.5018509
Vanuatu	VUT	2010		 0.6168631	 				 0.781	 0.5955111	 0.5047306			
Vanuatu	VUT	2011		 0.6179482	 	 0.156			 0.785	 0.5955111	 0.504477	 0.66254		
Vanuatu	VUT	2012		 0.6174209	 	 0.156			 0.79	 0.5955111	 0.5003544	 0.66676		
Vanuatu	VUT	2013		 0.6164047	 	 0.154		 0.185	 0.794	 0.5955111	 0.4951682	 0.671724		 0.4035621
Samoa	WSM	2010		 0.6879659	 				 0.804	 0.7015082	 0.5770598			
Samoa	WSM	2011		 0.6901522	 	 0.134			 0.809	 0.7015082	 0.5793434	 0.700594		
Samoa	WSM	2012		 0.6928339	 	 0.134			 0.813	 0.7015082	 0.5828856	 0.704058		
Samoa	WSM	2013		 0.6936791	 	 0.133			 0.818	 0.7015082	 0.5818408	 0.709206		
Yemen	YEM	2010	 0.3183908	 0.4841455	 34.236546658	 0.498	 0.176		 0.654	 0.3281111	 0.5285226	 0.449952	 0.1647118	 0.4355026
Yemen	YEM	2011	 0.3359511	 0.4965846	 32.347660399	 0.251	 0.498	 0.176	 0.657	 0.3392222	 0.5491181	 0.492093	 0.1702896	 0.4524733
Yemen	YEM	2012	 0.3372747	 0.4985291	 32.346035567	 0.251	 0.498	 0.176	 0.66	 0.3392222	 0.5531086	 0.49434	 0.1702896	 0.4557615
Yemen	YEM	2013	0.335788	 0.4998707	 32.825028552	 0.303	 0.472	 0.176	 0.663	 0.3392222	 0.5551419	 0.462111	 0.1791093	 0.4574369
South Africa	ZAF	2010	 0.4395565	 0.6384	 31.147164787	 0.208	 0.409		 0.531	 0.6845146	 0.7151529	 0.370638	 0.5421356	 0.4226554
South Africa	ZAF	2011		 0.6456046	 	 0.284	 0.208		 0.546	 0.6871921	 0.7177678	 0.390936	 0.5442562	
South Africa	ZAF	2012		 0.6536583	 	 0.284	 0.208		 0.558	 0.6954471	 0.7196844	 0.399528	 0.5507941	
South Africa	ZAF	2013		 0.6577538	 	 0.257	 0.181		 0.568	 0.6954471	 0.7204844	 0.422024	 0.5695712	
Zambia	ZMB	2010	 0.3627722	 0.5295677	 31.496539536	 0.242	 0.208		 0.532	 0.5771917	 0.4840857	 0.28462	 0.4375113	 0.3833959
Zambia	ZMB	2011	 0.3833468	 0.5434873	 29.465361932	 0.419	 0.238	 0.208	 0.552	 0.5842624	 0.4981639	 0.320712	 0.4452079	 0.3945458
Zambia	ZMB	2012	 0.3509375	 0.5539849	 36.652154237	 0.419	 0.238	 0.426	 0.57	 0.5913333	 0.5045905	 0.33117	 0.450596	 0.2896349
Zambia	ZMB	2013	0.3644445	 0.5607203	 35.004225815	 0.372	 0.238	 0.426	 0.586	 0.5913333	 0.5085549	 0.368008	 0.450596	 0.2919105
Zimbabwe	ZWE	2010	 0.3216578	 0.4589686	 29.917253599	 0.201	 0.345		 0.518	 0.4999333	 0.3731871	 0.340844	 0.3994467	 0.2444375
Zimbabwe	ZWE	2011	 0.337708	 0.4734558	 28.67169438	 0.306	 0.201	 0.345	 0.554	 0.4999333	 0.382873	 0.384476	 0.3994467	 0.2507818
Zimbabwe	ZWE	2012	 0.3460487	 0.4836142	 28.445297925	 0.306	 0.178	 0.358	 0.587	 0.4999333	 0.3855627	 0.407378	 0.4109452	 0.2475312
Zimbabwe	ZWE	2013	0.358225	 0.4919764	 27.186547973	 0.268	 0.178	 0.358	 0.613	 0.4999333	 0.3883086	 0.448716	 0.4109452	 0.2492941
